/*--------------------------------*- C++ -*----------------------------------*\
  =========                 |
  \\      /  F ield         | OpenFOAM: The Open Source CFD Toolbox
   \\    /   O peration     | Website:  https://openfoam.org
    \\  /    A nd           | Version:  10
     \\/     M anipulation  |
\*---------------------------------------------------------------------------*/
FoamFile
{
    format      binary;
    class       cellSet;
    location    "constant/polyMesh/sets";
    object      tier1;
}
// * * * * * * * * * * * * * * * * * * * * * * * * * * * * * * * * * * * * * //


200
(
0 
1 
2 
3 
4 
47 
48 
49 
50 
51 
94 
95 
96 
97 
98 
141 
142 
143 
144 
145 
188 
189 
190 
191 
192 
235 
236 
237 
238 
239 
282 
283 
284 
285 
286 
329 
330 
331 
332 
333 
376 
377 
378 
379 
380 
423 
424 
425 
426 
427 
470 
471 
472 
473 
474 
517 
518 
519 
520 
521 
564 
565 
566 
567 
568 
611 
612 
613 
614 
615 
658 
659 
660 
661 
662 
705 
706 
707 
708 
709 
752 
753 
754 
755 
756 
799 
800 
801 
802 
803 
846 
847 
848 
849 
850 
893 
894 
895 
896 
897 
940 
941 
942 
943 
944 
987 
988 
989 
990 
991 
1034 
1035 
1036 
1037 
1038 
1081 
1082 
1083 
1084 
1085 
1128 
1129 
1130 
1131 
1132 
1175 
1176 
1177 
1178 
1179 
1222 
1223 
1224 
1225 
1226 
1269 
1270 
1271 
1272 
1273 
1316 
1317 
1318 
1319 
1320 
1363 
1364 
1365 
1366 
1367 
1410 
1411 
1412 
1413 
1414 
1457 
1458 
1459 
1460 
1461 
1504 
1505 
1506 
1507 
1508 
1551 
1552 
1553 
1554 
1555 
1598 
1599 
1600 
1601 
1602 
1645 
1646 
1647 
1648 
1649 
1692 
1693 
1694 
1695 
1696 
1739 
1740 
1741 
1742 
1743 
1786 
1787 
1788 
1789 
1790 
1833 
1834 
1835 
1836 
1837 
)

// ************************************************************************* //
