(							
(	0.0 	(	0.000000E+00	0.000000E+00	0.000000E+00	)	)
(	0.1 	(	3.716558E-10	1.446987E-09	1.025129E-10	)	)
(	0.2 	(	2.972663E-09	1.157449E-08	8.199543E-10	)	)
(	0.3 	(	1.002946E-08	3.905596E-08	2.766508E-09	)	)
(	0.4 	(	2.376265E-08	9.255074E-08	6.554871E-09	)	)
(	0.5 	(	4.638411E-08	1.806970E-07	1.279551E-08	)	)
(	0.6 	(	8.009409E-08	3.121049E-07	2.209591E-08	)	)
(	0.7 	(	1.270783E-07	4.953490E-07	3.505987E-08	)	)
(	0.8 	(	1.895051E-07	7.389621E-07	5.228674E-08	)	)
(	0.9 	(	2.695227E-07	1.051428E-06	7.437068E-08	)	)
(	1.0 	(	3.692560E-07	1.441173E-06	1.019000E-07	)	)
(	1.1 	(	4.908043E-07	1.916562E-06	1.354563E-07	)	)
(	1.2 	(	6.362381E-07	2.485889E-06	1.756140E-07	)	)
(	1.3 	(	8.075967E-07	3.157373E-06	2.229394E-07	)	)
(	1.4 	(	1.006885E-06	3.939146E-06	2.779901E-07	)	)
(	1.5 	(	1.236072E-06	4.839253E-06	3.413142E-07	)	)
(	1.6 	(	1.497086E-06	5.865640E-06	4.134499E-07	)	)
(	1.7 	(	1.791814E-06	7.026151E-06	4.949244E-07	)	)
(	1.8 	(	2.122100E-06	8.328518E-06	5.862538E-07	)	)
(	1.9 	(	2.489737E-06	9.780357E-06	6.879417E-07	)	)
(	2.0 	(	2.896473E-06	1.138916E-05	8.004794E-07	)	)
(	2.1 	(	3.344002E-06	1.316229E-05	9.243447E-07	)	)
(	2.2 	(	3.833964E-06	1.510698E-05	1.060001E-06	)	)
(	2.3 	(	4.367943E-06	1.723031E-05	1.207899E-06	)	)
(	2.4 	(	4.947463E-06	1.953921E-05	1.368472E-06	)	)
(	2.5 	(	5.573990E-06	2.204047E-05	1.542138E-06	)	)
(	2.6 	(	6.248925E-06	2.474072E-05	1.729300E-06	)	)
(	2.7 	(	6.973604E-06	2.764639E-05	1.930344E-06	)	)
(	2.8 	(	7.749298E-06	3.076379E-05	2.145638E-06	)	)
(	2.9 	(	8.577208E-06	3.409901E-05	2.375532E-06	)	)
(	3.0 	(	9.458465E-06	3.765797E-05	2.620359E-06	)	)
(	3.1 	(	1.039413E-05	4.144640E-05	2.880433E-06	)	)
(	3.2 	(	1.138518E-05	4.546986E-05	3.156046E-06	)	)
(	3.3 	(	1.243254E-05	4.973366E-05	3.447476E-06	)	)
(	3.4 	(	1.353702E-05	5.424295E-05	3.754976E-06	)	)
(	3.5 	(	1.469940E-05	5.900265E-05	4.078780E-06	)	)
(	3.6 	(	1.592034E-05	6.401746E-05	4.419103E-06	)	)
(	3.7 	(	1.720044E-05	6.929187E-05	4.776136E-06	)	)
(	3.8 	(	1.854022E-05	7.483016E-05	5.150051E-06	)	)
(	3.9 	(	1.994010E-05	8.063634E-05	5.540998E-06	)	)
(	4.0 	(	2.140043E-05	8.671422E-05	5.949103E-06	)	)
(	4.1 	(	2.292147E-05	9.306737E-05	6.374472E-06	)	)
(	4.2 	(	2.450341E-05	9.969910E-05	6.817187E-06	)	)
(	4.3 	(	2.614633E-05	1.066125E-04	7.277308E-06	)	)
(	4.4 	(	2.785024E-05	1.138103E-04	7.754873E-06	)	)
(	4.5 	(	2.961505E-05	1.212953E-04	8.249894E-06	)	)
(	4.6 	(	3.144061E-05	1.290695E-04	8.762362E-06	)	)
(	4.7 	(	3.332664E-05	1.371352E-04	9.292245E-06	)	)
(	4.8 	(	3.527282E-05	1.454941E-04	9.839487E-06	)	)
(	4.9 	(	3.727870E-05	1.541477E-04	1.040401E-05	)	)
(	5.0 	(	3.934378E-05	1.630973E-04	1.098570E-05	)	)
(	5.1 	(	4.146744E-05	1.723438E-04	1.158445E-05	)	)
(	5.2 	(	4.364899E-05	1.818880E-04	1.220009E-05	)	)
(	5.3 	(	4.588766E-05	1.917302E-04	1.283246E-05	)	)
(	5.4 	(	4.818257E-05	2.018706E-04	1.348135E-05	)	)
(	5.5 	(	5.053277E-05	2.123091E-04	1.414655E-05	)	)
(	5.6 	(	5.293724E-05	2.230452E-04	1.482781E-05	)	)
(	5.7 	(	5.539484E-05	2.340782E-04	1.552487E-05	)	)
(	5.8 	(	5.790437E-05	2.454071E-04	1.623742E-05	)	)
(	5.9 	(	6.046456E-05	2.570306E-04	1.696517E-05	)	)
(	6.0 	(	6.307402E-05	2.689470E-04	1.770777E-05	)	)
(	6.1 	(	6.573131E-05	2.811547E-04	1.846486E-05	)	)
(	6.2 	(	6.843490E-05	2.936512E-04	1.923606E-05	)	)
(	6.3 	(	7.118319E-05	3.064343E-04	2.002098E-05	)	)
(	6.4 	(	7.397450E-05	3.195010E-04	2.081918E-05	)	)
(	6.5 	(	7.680707E-05	3.328483E-04	2.163022E-05	)	)
(	6.6 	(	7.967906E-05	3.464730E-04	2.245363E-05	)	)
(	6.7 	(	8.258859E-05	3.603712E-04	2.328892E-05	)	)
(	6.8 	(	8.553368E-05	3.745391E-04	2.413558E-05	)	)
(	6.9 	(	8.851229E-05	3.889723E-04	2.499310E-05	)	)
(	7.0 	(	9.152232E-05	4.036664E-04	2.586091E-05	)	)
(	7.1 	(	9.456160E-05	4.186165E-04	2.673845E-05	)	)
(	7.2 	(	9.762790E-05	4.338174E-04	2.762514E-05	)	)
(	7.3 	(	1.007189E-04	4.492637E-04	2.852037E-05	)	)
(	7.4 	(	1.038323E-04	4.649497E-04	2.942352E-05	)	)
(	7.5 	(	1.069658E-04	4.808694E-04	3.033395E-05	)	)
(	7.6 	(	1.101167E-04	4.970163E-04	3.125101E-05	)	)
(	7.7 	(	1.132827E-04	5.133839E-04	3.217402E-05	)	)
(	7.8 	(	1.164611E-04	5.299654E-04	3.310231E-05	)	)
(	7.9 	(	1.196494E-04	5.467535E-04	3.403516E-05	)	)
(	8.0 	(	1.228450E-04	5.637407E-04	3.497187E-05	)	)
(	8.1 	(	1.260452E-04	5.809194E-04	3.591170E-05	)	)
(	8.2 	(	1.292472E-04	5.982814E-04	3.685392E-05	)	)
(	8.3 	(	1.324483E-04	6.158186E-04	3.779776E-05	)	)
(	8.4 	(	1.356458E-04	6.335222E-04	3.874247E-05	)	)
(	8.5 	(	1.388368E-04	6.513835E-04	3.968726E-05	)	)
(	8.6 	(	1.420185E-04	6.693933E-04	4.063136E-05	)	)
(	8.7 	(	1.451880E-04	6.875423E-04	4.157395E-05	)	)
(	8.8 	(	1.483426E-04	7.058207E-04	4.251425E-05	)	)
(	8.9 	(	1.514792E-04	7.242188E-04	4.345143E-05	)	)
(	9.0 	(	1.545950E-04	7.427264E-04	4.438469E-05	)	)
(	9.1 	(	1.576872E-04	7.613329E-04	4.531318E-05	)	)
(	9.2 	(	1.607527E-04	7.800279E-04	4.623608E-05	)	)
(	9.3 	(	1.637887E-04	7.988004E-04	4.715256E-05	)	)
(	9.4 	(	1.667922E-04	8.176393E-04	4.806177E-05	)	)
(	9.5 	(	1.697604E-04	8.365332E-04	4.896286E-05	)	)
(	9.6 	(	1.726903E-04	8.554705E-04	4.985500E-05	)	)
(	9.7 	(	1.755791E-04	8.744394E-04	5.073733E-05	)	)
(	9.8 	(	1.784238E-04	8.934279E-04	5.160902E-05	)	)
(	9.9 	(	1.812216E-04	9.124238E-04	5.246919E-05	)	)
(	10.0 	(	1.839697E-04	9.314146E-04	5.331702E-05	)	)
(	10.1 	(	1.866653E-04	9.503876E-04	5.415166E-05	)	)
(	10.2 	(	1.893055E-04	9.693300E-04	5.497225E-05	)	)
(	10.3 	(	1.918876E-04	9.882288E-04	5.577797E-05	)	)
(	10.4 	(	1.944089E-04	1.007071E-03	5.656797E-05	)	)
(	10.5 	(	1.968666E-04	1.025843E-03	5.734144E-05	)	)
(	10.6 	(	1.992582E-04	1.044530E-03	5.809753E-05	)	)
(	10.7 	(	2.015810E-04	1.063121E-03	5.883544E-05	)	)
(	10.8 	(	2.038324E-04	1.081600E-03	5.955435E-05	)	)
(	10.9 	(	2.060101E-04	1.099953E-03	6.025347E-05	)	)
(	11.0 	(	2.081114E-04	1.118167E-03	6.093201E-05	)	)
(	11.1 	(	2.101340E-04	1.136227E-03	6.158917E-05	)	)
(	11.2 	(	2.120755E-04	1.154118E-03	6.222419E-05	)	)
(	11.3 	(	2.139337E-04	1.171826E-03	6.283632E-05	)	)
(	11.4 	(	2.157064E-04	1.189336E-03	6.342480E-05	)	)
(	11.5 	(	2.173913E-04	1.206634E-03	6.398891E-05	)	)
(	11.6 	(	2.189865E-04	1.223704E-03	6.452792E-05	)	)
(	11.7 	(	2.204899E-04	1.240532E-03	6.504113E-05	)	)
(	11.8 	(	2.218996E-04	1.257102E-03	6.552786E-05	)	)
(	11.9 	(	2.232137E-04	1.273400E-03	6.598743E-05	)	)
(	12.0 	(	2.244305E-04	1.289409E-03	6.641919E-05	)	)
(	12.1 	(	2.255482E-04	1.305115E-03	6.682251E-05	)	)
(	12.2 	(	2.265654E-04	1.320502E-03	6.719676E-05	)	)
(	12.3 	(	2.274804E-04	1.335555E-03	6.754136E-05	)	)
(	12.4 	(	2.282919E-04	1.350258E-03	6.785572E-05	)	)
(	12.5 	(	2.289985E-04	1.364596E-03	6.813929E-05	)	)
(	12.6 	(	2.295990E-04	1.378554E-03	6.839153E-05	)	)
(	12.7 	(	2.300923E-04	1.392115E-03	6.861194E-05	)	)
(	12.8 	(	2.304773E-04	1.405264E-03	6.880003E-05	)	)
(	12.9 	(	2.307531E-04	1.417987E-03	6.895532E-05	)	)
(	13.0 	(	2.309189E-04	1.430266E-03	6.907738E-05	)	)
(	13.1 	(	2.309739E-04	1.442087E-03	6.916579E-05	)	)
(	13.2 	(	2.309176E-04	1.453434E-03	6.922017E-05	)	)
(	13.3 	(	2.307494E-04	1.464291E-03	6.924014E-05	)	)
(	13.4 	(	2.304689E-04	1.474644E-03	6.922537E-05	)	)
(	13.5 	(	2.300758E-04	1.484477E-03	6.917554E-05	)	)
(	13.6 	(	2.295700E-04	1.493774E-03	6.909037E-05	)	)
(	13.7 	(	2.289514E-04	1.502521E-03	6.896961E-05	)	)
(	13.8 	(	2.282200E-04	1.510701E-03	6.881303E-05	)	)
(	13.9 	(	2.273760E-04	1.518301E-03	6.862042E-05	)	)
(	14.0 	(	2.264197E-04	1.525305E-03	6.839162E-05	)	)
(	14.1 	(	2.253515E-04	1.531698E-03	6.812648E-05	)	)
(	14.2 	(	2.241718E-04	1.537466E-03	6.782490E-05	)	)
(	14.3 	(	2.228814E-04	1.542594E-03	6.748679E-05	)	)
(	14.4 	(	2.214809E-04	1.547066E-03	6.711211E-05	)	)
(	14.5 	(	2.199712E-04	1.550870E-03	6.670082E-05	)	)
(	14.6 	(	2.183534E-04	1.553991E-03	6.625296E-05	)	)
(	14.7 	(	2.166284E-04	1.556414E-03	6.576854E-05	)	)
(	14.8 	(	2.147976E-04	1.558126E-03	6.524766E-05	)	)
(	14.9 	(	2.128622E-04	1.559113E-03	6.469041E-05	)	)
(	15.0 	(	2.108237E-04	1.559362E-03	6.409693E-05	)	)
(	15.1 	(	2.086837E-04	1.558859E-03	6.346740E-05	)	)
(	15.2 	(	2.064438E-04	1.557591E-03	6.280200E-05	)	)
(	15.3 	(	2.041058E-04	1.555545E-03	6.210097E-05	)	)
(	15.4 	(	2.016718E-04	1.552708E-03	6.136458E-05	)	)
(	15.5 	(	1.991436E-04	1.549068E-03	6.059312E-05	)	)
(	15.6 	(	1.965234E-04	1.544613E-03	5.978693E-05	)	)
(	15.7 	(	1.938135E-04	1.539330E-03	5.894635E-05	)	)
(	15.8 	(	1.910161E-04	1.533208E-03	5.807178E-05	)	)
(	15.9 	(	1.881339E-04	1.526236E-03	5.716364E-05	)	)
(	16.0 	(	1.851693E-04	1.518401E-03	5.622239E-05	)	)
(	16.1 	(	1.821250E-04	1.509693E-03	5.524851E-05	)	)
(	16.2 	(	1.790038E-04	1.500102E-03	5.424251E-05	)	)
(	16.3 	(	1.758086E-04	1.489617E-03	5.320496E-05	)	)
(	16.4 	(	1.725423E-04	1.478227E-03	5.213641E-05	)	)
(	16.5 	(	1.692081E-04	1.465924E-03	5.103749E-05	)	)
(	16.6 	(	1.658090E-04	1.452697E-03	4.990882E-05	)	)
(	16.7 	(	1.623483E-04	1.438538E-03	4.875108E-05	)	)
(	16.8 	(	1.588295E-04	1.423437E-03	4.756496E-05	)	)
(	16.9 	(	1.552558E-04	1.407386E-03	4.635118E-05	)	)
(	17.0 	(	1.516309E-04	1.390377E-03	4.511051E-05	)	)
(	17.1 	(	1.479584E-04	1.372402E-03	4.384371E-05	)	)
(	17.2 	(	1.442418E-04	1.353453E-03	4.255161E-05	)	)
(	17.3 	(	1.404850E-04	1.333524E-03	4.123503E-05	)	)
(	17.4 	(	1.366918E-04	1.312608E-03	3.989483E-05	)	)
(	17.5 	(	1.328661E-04	1.290699E-03	3.853192E-05	)	)
(	17.6 	(	1.290119E-04	1.267789E-03	3.714718E-05	)	)
(	17.7 	(	1.251331E-04	1.243875E-03	3.574157E-05	)	)
(	17.8 	(	1.212339E-04	1.218950E-03	3.431605E-05	)	)
(	17.9 	(	1.173184E-04	1.193010E-03	3.287159E-05	)	)
(	18.0 	(	1.133908E-04	1.166051E-03	3.140921E-05	)	)
(	18.1 	(	1.094553E-04	1.138068E-03	2.992993E-05	)	)
(	18.2 	(	1.055162E-04	1.109058E-03	2.843480E-05	)	)
(	18.3 	(	1.015779E-04	1.079018E-03	2.692490E-05	)	)
(	18.4 	(	9.764477E-05	1.047945E-03	2.540131E-05	)	)
(	18.5 	(	9.372111E-05	1.015837E-03	2.386514E-05	)	)
(	18.6 	(	8.981140E-05	9.826926E-04	2.231751E-05	)	)
(	18.7 	(	8.592010E-05	9.485094E-04	2.075958E-05	)	)
(	18.8 	(	8.205168E-05	9.132868E-04	1.919249E-05	)	)
(	18.9 	(	7.821064E-05	8.770245E-04	1.761742E-05	)	)
(	19.0 	(	7.440149E-05	8.397224E-04	1.603556E-05	)	)
(	19.1 	(	7.062874E-05	8.013808E-04	1.444811E-05	)	)
(	19.2 	(	6.689693E-05	7.620007E-04	1.285629E-05	)	)
(	19.3 	(	6.321057E-05	7.215835E-04	1.126131E-05	)	)
(	19.4 	(	5.957418E-05	6.801308E-04	9.664432E-06	)	)
(	19.5 	(	5.599229E-05	6.376451E-04	8.066883E-06	)	)
(	19.6 	(	5.246939E-05	5.941291E-04	6.469922E-06	)	)
(	19.7 	(	4.900997E-05	5.495860E-04	4.874813E-06	)	)
(	19.8 	(	4.561849E-05	5.040195E-04	3.282823E-06	)	)
(	19.9 	(	4.229940E-05	4.574338E-04	1.695226E-06	)	)
(	20.0 	(	3.905710E-05	4.098337E-04	1.133012E-07	)	)
(	20.1 	(	3.589599E-05	3.612243E-04	-1.461669E-06	)	)
(	20.2 	(	3.282039E-05	3.116112E-04	-3.028402E-06	)	)
(	20.3 	(	2.983460E-05	2.610006E-04	-4.585611E-06	)	)
(	20.4 	(	2.694289E-05	2.093992E-04	-6.132010E-06	)	)
(	20.5 	(	2.414945E-05	1.568141E-04	-7.666315E-06	)	)
(	20.6 	(	2.145842E-05	1.032529E-04	-9.187243E-06	)	)
(	20.7 	(	1.887390E-05	4.872378E-05	-1.069352E-05	)	)
(	20.8 	(	1.639991E-05	-6.764719E-06	-1.218385E-05	)	)
(	20.9 	(	1.404040E-05	-6.320345E-05	-1.365699E-05	)	)
(	21.0 	(	1.179927E-05	-1.205828E-04	-1.511167E-05	)	)
(	21.1 	(	9.680319E-06	-1.788927E-04	-1.654662E-05	)	)
(	21.2 	(	7.687279E-06	-2.381225E-04	-1.796060E-05	)	)
(	21.3 	(	5.823795E-06	-2.982611E-04	-1.935237E-05	)	)
(	21.4 	(	4.093425E-06	-3.592971E-04	-2.072071E-05	)	)
(	21.5 	(	2.499637E-06	-4.212182E-04	-2.206441E-05	)	)
(	21.6 	(	1.045800E-06	-4.840119E-04	-2.338225E-05	)	)
(	21.7 	(	-2.648135E-07	-5.476653E-04	-2.467306E-05	)	)
(	21.8 	(	-1.429035E-06	-6.121647E-04	-2.593565E-05	)	)
(	21.9 	(	-2.443803E-06	-6.774961E-04	-2.716888E-05	)	)
(	22.0 	(	-3.306165E-06	-7.436451E-04	-2.837160E-05	)	)
(	22.1 	(	-4.013284E-06	-8.105966E-04	-2.954270E-05	)	)
(	22.2 	(	-4.562437E-06	-8.783352E-04	-3.068107E-05	)	)
(	22.3 	(	-4.951024E-06	-9.468450E-04	-3.178564E-05	)	)
(	22.4 	(	-5.176567E-06	-1.016110E-03	-3.285534E-05	)	)
(	22.5 	(	-5.236716E-06	-1.086112E-03	-3.388914E-05	)	)
(	22.6 	(	-5.129248E-06	-1.156835E-03	-3.488602E-05	)	)
(	22.7 	(	-4.852076E-06	-1.228261E-03	-3.584501E-05	)	)
(	22.8 	(	-4.403246E-06	-1.300371E-03	-3.676513E-05	)	)
(	22.9 	(	-3.780941E-06	-1.373147E-03	-3.764546E-05	)	)
(	23.0 	(	-2.983488E-06	-1.446570E-03	-3.848507E-05	)	)
(	23.1 	(	-2.009354E-06	-1.520619E-03	-3.928310E-05	)	)
(	23.2 	(	-8.571527E-07	-1.595276E-03	-4.003870E-05	)	)
(	23.3 	(	4.743544E-07	-1.670519E-03	-4.075103E-05	)	)
(	23.4 	(	1.986257E-06	-1.746328E-03	-4.141932E-05	)	)
(	23.5 	(	3.679491E-06	-1.822682E-03	-4.204281E-05	)	)
(	23.6 	(	5.554841E-06	-1.899558E-03	-4.262077E-05	)	)
(	23.7 	(	7.612936E-06	-1.976934E-03	-4.315252E-05	)	)
(	23.8 	(	9.854246E-06	-2.054788E-03	-4.363739E-05	)	)
(	23.9 	(	1.227908E-05	-2.133098E-03	-4.407476E-05	)	)
(	24.0 	(	1.488760E-05	-2.211839E-03	-4.446406E-05	)	)
(	24.1 	(	1.767980E-05	-2.290987E-03	-4.480472E-05	)	)
(	24.2 	(	2.065550E-05	-2.370520E-03	-4.509625E-05	)	)
(	24.3 	(	2.381436E-05	-2.450412E-03	-4.533816E-05	)	)
(	24.4 	(	2.715591E-05	-2.530639E-03	-4.553002E-05	)	)
(	24.5 	(	3.067946E-05	-2.611174E-03	-4.567144E-05	)	)
(	24.6 	(	3.438420E-05	-2.691994E-03	-4.576206E-05	)	)
(	24.7 	(	3.826914E-05	-2.773072E-03	-4.580156E-05	)	)
(	24.8 	(	4.233312E-05	-2.854381E-03	-4.578967E-05	)	)
(	24.9 	(	4.657482E-05	-2.935895E-03	-4.572616E-05	)	)
(	25.0 	(	5.099275E-05	-3.017588E-03	-4.561083E-05	)	)
(	25.1 	(	5.558526E-05	-3.099432E-03	-4.544354E-05	)	)
(	25.2 	(	6.035052E-05	-3.181400E-03	-4.522417E-05	)	)
(	25.3 	(	6.528657E-05	-3.263464E-03	-4.495266E-05	)	)
(	25.4 	(	7.039126E-05	-3.345596E-03	-4.462899E-05	)	)
(	25.5 	(	7.566228E-05	-3.427767E-03	-4.425318E-05	)	)
(	25.6 	(	8.109715E-05	-3.509950E-03	-4.382531E-05	)	)
(	25.7 	(	8.669326E-05	-3.592115E-03	-4.334547E-05	)	)
(	25.8 	(	9.244782E-05	-3.674233E-03	-4.281382E-05	)	)
(	25.9 	(	9.835787E-05	-3.756276E-03	-4.223057E-05	)	)
(	26.0 	(	1.044203E-04	-3.838213E-03	-4.159594E-05	)	)
(	26.1 	(	1.106319E-04	-3.920014E-03	-4.091024E-05	)	)
(	26.2 	(	1.169892E-04	-4.001651E-03	-4.017379E-05	)	)
(	26.3 	(	1.234887E-04	-4.083093E-03	-3.938697E-05	)	)
(	26.4 	(	1.301267E-04	-4.164310E-03	-3.855020E-05	)	)
(	26.5 	(	1.368993E-04	-4.245270E-03	-3.766394E-05	)	)
(	26.6 	(	1.438024E-04	-4.325945E-03	-3.672871E-05	)	)
(	26.7 	(	1.508321E-04	-4.406302E-03	-3.574505E-05	)	)
(	26.8 	(	1.579840E-04	-4.486311E-03	-3.471357E-05	)	)
(	26.9 	(	1.652537E-04	-4.565941E-03	-3.363491E-05	)	)
(	27.0 	(	1.726366E-04	-4.645162E-03	-3.250975E-05	)	)
(	27.1 	(	1.801281E-04	-4.723940E-03	-3.133881E-05	)	)
(	27.2 	(	1.877234E-04	-4.802247E-03	-3.012288E-05	)	)
(	27.3 	(	1.954176E-04	-4.880049E-03	-2.886277E-05	)	)
(	27.4 	(	2.032056E-04	-4.957316E-03	-2.755933E-05	)	)
(	27.5 	(	2.110823E-04	-5.034017E-03	-2.621346E-05	)	)
(	27.6 	(	2.190425E-04	-5.110119E-03	-2.482610E-05	)	)
(	27.7 	(	2.270806E-04	-5.185591E-03	-2.339822E-05	)	)
(	27.8 	(	2.351914E-04	-5.260401E-03	-2.193086E-05	)	)
(	27.9 	(	2.433691E-04	-5.334519E-03	-2.042507E-05	)	)
(	28.0 	(	2.516083E-04	-5.407912E-03	-1.888195E-05	)	)
(	28.1 	(	2.599029E-04	-5.480548E-03	-1.730263E-05	)	)
(	28.2 	(	2.682474E-04	-5.552397E-03	-1.568830E-05	)	)
(	28.3 	(	2.766356E-04	-5.623427E-03	-1.404016E-05	)	)
(	28.4 	(	2.850617E-04	-5.693606E-03	-1.235947E-05	)	)
(	28.5 	(	2.935195E-04	-5.762904E-03	-1.064750E-05	)	)
(	28.6 	(	3.020030E-04	-5.831288E-03	-8.905590E-06	)	)
(	28.7 	(	3.105058E-04	-5.898727E-03	-7.135077E-06	)	)
(	28.8 	(	3.190218E-04	-5.965192E-03	-5.337352E-06	)	)
(	28.9 	(	3.275447E-04	-6.030650E-03	-3.513834E-06	)	)
(	29.0 	(	3.360680E-04	-6.095071E-03	-1.665972E-06	)	)
(	29.1 	(	3.445854E-04	-6.158424E-03	2.047534E-07	)	)
(	29.2 	(	3.530905E-04	-6.220678E-03	2.096833E-06	)	)
(	29.3 	(	3.615768E-04	-6.281804E-03	4.008729E-06	)	)
(	29.4 	(	3.700377E-04	-6.341771E-03	5.938877E-06	)	)
(	29.5 	(	3.784669E-04	-6.400550E-03	7.885686E-06	)	)
(	29.6 	(	3.868577E-04	-6.458110E-03	9.847539E-06	)	)
(	29.7 	(	3.952037E-04	-6.514422E-03	1.182280E-05	)	)
(	29.8 	(	4.034983E-04	-6.569456E-03	1.380980E-05	)	)
(	29.9 	(	4.117349E-04	-6.623184E-03	1.580686E-05	)	)
(	30.0 	(	4.199070E-04	-6.675577E-03	1.781227E-05	)	)
(	30.1 	(	4.280082E-04	-6.726607E-03	1.982432E-05	)	)
(	30.2 	(	4.360320E-04	-6.776244E-03	2.184125E-05	)	)
(	30.3 	(	4.439718E-04	-6.824462E-03	2.386131E-05	)	)
(	30.4 	(	4.518212E-04	-6.871232E-03	2.588272E-05	)	)
(	30.5 	(	4.595738E-04	-6.916527E-03	2.790371E-05	)	)
(	30.6 	(	4.672233E-04	-6.960320E-03	2.992246E-05	)	)
(	30.7 	(	4.747634E-04	-7.002585E-03	3.193717E-05	)	)
(	30.8 	(	4.821878E-04	-7.043296E-03	3.394601E-05	)	)
(	30.9 	(	4.894903E-04	-7.082425E-03	3.594715E-05	)	)
(	31.0 	(	4.966647E-04	-7.119949E-03	3.793876E-05	)	)
(	31.1 	(	5.037051E-04	-7.155841E-03	3.991898E-05	)	)
(	31.2 	(	5.106054E-04	-7.190077E-03	4.188598E-05	)	)
(	31.3 	(	5.173597E-04	-7.222633E-03	4.383790E-05	)	)
(	31.4 	(	5.239622E-04	-7.253485E-03	4.577288E-05	)	)
(	31.5 	(	5.304072E-04	-7.282609E-03	4.768907E-05	)	)
(	31.6 	(	5.366891E-04	-7.309982E-03	4.958463E-05	)	)
(	31.7 	(	5.428023E-04	-7.335582E-03	5.145769E-05	)	)
(	31.8 	(	5.487413E-04	-7.359387E-03	5.330642E-05	)	)
(	31.9 	(	5.545011E-04	-7.381374E-03	5.512897E-05	)	)
(	32.0 	(	5.600762E-04	-7.401524E-03	5.692351E-05	)	)
(	32.1 	(	5.654617E-04	-7.419814E-03	5.868821E-05	)	)
(	32.2 	(	5.706527E-04	-7.436226E-03	6.042126E-05	)	)
(	32.3 	(	5.756444E-04	-7.450740E-03	6.212086E-05	)	)
(	32.4 	(	5.804320E-04	-7.463336E-03	6.378521E-05	)	)
(	32.5 	(	5.850112E-04	-7.473997E-03	6.541254E-05	)	)
(	32.6 	(	5.893775E-04	-7.482703E-03	6.700109E-05	)	)
(	32.7 	(	5.935267E-04	-7.489438E-03	6.854911E-05	)	)
(	32.8 	(	5.974547E-04	-7.494185E-03	7.005487E-05	)	)
(	32.9 	(	6.011578E-04	-7.496928E-03	7.151669E-05	)	)
(	33.0 	(	6.046321E-04	-7.497651E-03	7.293285E-05	)	)
(	33.1 	(	6.078741E-04	-7.496338E-03	7.430172E-05	)	)
(	33.2 	(	6.108804E-04	-7.492977E-03	7.562165E-05	)	)
(	33.3 	(	6.136479E-04	-7.487552E-03	7.689103E-05	)	)
(	33.4 	(	6.161734E-04	-7.480050E-03	7.810828E-05	)	)
(	33.5 	(	6.184542E-04	-7.470459E-03	7.927184E-05	)	)
(	33.6 	(	6.204876E-04	-7.458768E-03	8.038019E-05	)	)
(	33.7 	(	6.222711E-04	-7.444964E-03	8.143183E-05	)	)
(	33.8 	(	6.238025E-04	-7.429037E-03	8.242530E-05	)	)
(	33.9 	(	6.250797E-04	-7.410977E-03	8.335917E-05	)	)
(	34.0 	(	6.261009E-04	-7.390774E-03	8.423205E-05	)	)
(	34.1 	(	6.268643E-04	-7.368421E-03	8.504259E-05	)	)
(	34.2 	(	6.273686E-04	-7.343909E-03	8.578945E-05	)	)
(	34.3 	(	6.276124E-04	-7.317230E-03	8.647137E-05	)	)
(	34.4 	(	6.275947E-04	-7.288379E-03	8.708710E-05	)	)
(	34.5 	(	6.273148E-04	-7.257349E-03	8.763544E-05	)	)
(	34.6 	(	6.267719E-04	-7.224136E-03	8.811523E-05	)	)
(	34.7 	(	6.259657E-04	-7.188733E-03	8.852536E-05	)	)
(	34.8 	(	6.248959E-04	-7.151139E-03	8.886477E-05	)	)
(	34.9 	(	6.235627E-04	-7.111350E-03	8.913241E-05	)	)
(	35.0 	(	6.219662E-04	-7.069363E-03	8.932733E-05	)	)
(	35.1 	(	6.201070E-04	-7.025177E-03	8.944858E-05	)	)
(	35.2 	(	6.179857E-04	-6.978792E-03	8.949528E-05	)	)
(	35.3 	(	6.156032E-04	-6.930206E-03	8.946661E-05	)	)
(	35.4 	(	6.129607E-04	-6.879420E-03	8.936177E-05	)	)
(	35.5 	(	6.100595E-04	-6.826437E-03	8.918004E-05	)	)
(	35.6 	(	6.069012E-04	-6.771257E-03	8.892074E-05	)	)
(	35.7 	(	6.034876E-04	-6.713884E-03	8.858323E-05	)	)
(	35.8 	(	5.998207E-04	-6.654322E-03	8.816696E-05	)	)
(	35.9 	(	5.959027E-04	-6.592574E-03	8.767139E-05	)	)
(	36.0 	(	5.917362E-04	-6.528646E-03	8.709606E-05	)	)
(	36.1 	(	5.873237E-04	-6.462544E-03	8.644057E-05	)	)
(	36.2 	(	5.826682E-04	-6.394274E-03	8.570455E-05	)	)
(	36.3 	(	5.777727E-04	-6.323844E-03	8.488772E-05	)	)
(	36.4 	(	5.726407E-04	-6.251261E-03	8.398983E-05	)	)
(	36.5 	(	5.672756E-04	-6.176534E-03	8.301071E-05	)	)
(	36.6 	(	5.616812E-04	-6.099674E-03	8.195022E-05	)	)
(	36.7 	(	5.558614E-04	-6.020690E-03	8.080830E-05	)	)
(	36.8 	(	5.498204E-04	-5.939594E-03	7.958495E-05	)	)
(	36.9 	(	5.435625E-04	-5.856398E-03	7.828022E-05	)	)
(	37.0 	(	5.370924E-04	-5.771114E-03	7.689422E-05	)	)
(	37.1 	(	5.304148E-04	-5.683755E-03	7.542712E-05	)	)
(	37.2 	(	5.235346E-04	-5.594336E-03	7.387916E-05	)	)
(	37.3 	(	5.164570E-04	-5.502872E-03	7.225061E-05	)	)
(	37.4 	(	5.091874E-04	-5.409378E-03	7.054184E-05	)	)
(	37.5 	(	5.017312E-04	-5.313870E-03	6.875326E-05	)	)
(	37.6 	(	4.940942E-04	-5.216367E-03	6.688533E-05	)	)
(	37.7 	(	4.862822E-04	-5.116885E-03	6.493858E-05	)	)
(	37.8 	(	4.783013E-04	-5.015443E-03	6.291361E-05	)	)
(	37.9 	(	4.701578E-04	-4.912061E-03	6.081106E-05	)	)
(	38.0 	(	4.618580E-04	-4.806759E-03	5.863165E-05	)	)
(	38.1 	(	4.534085E-04	-4.699557E-03	5.637614E-05	)	)
(	38.2 	(	4.448160E-04	-4.590477E-03	5.404536E-05	)	)
(	38.3 	(	4.360874E-04	-4.479541E-03	5.164020E-05	)	)
(	38.4 	(	4.272295E-04	-4.366773E-03	4.916160E-05	)	)
(	38.5 	(	4.182497E-04	-4.252195E-03	4.661056E-05	)	)
(	38.6 	(	4.091552E-04	-4.135832E-03	4.398814E-05	)	)
(	38.7 	(	3.999533E-04	-4.017710E-03	4.129545E-05	)	)
(	38.8 	(	3.906516E-04	-3.897853E-03	3.853368E-05	)	)
(	38.9 	(	3.812578E-04	-3.776289E-03	3.570404E-05	)	)
(	39.0 	(	3.717797E-04	-3.653044E-03	3.280782E-05	)	)
(	39.1 	(	3.622250E-04	-3.528146E-03	2.984636E-05	)	)
(	39.2 	(	3.526018E-04	-3.401624E-03	2.682104E-05	)	)
(	39.3 	(	3.429182E-04	-3.273506E-03	2.373332E-05	)	)
(	39.4 	(	3.331822E-04	-3.143823E-03	2.058468E-05	)	)
(	39.5 	(	3.234022E-04	-3.012604E-03	1.737667E-05	)	)
(	39.6 	(	3.135864E-04	-2.879880E-03	1.411089E-05	)	)
(	39.7 	(	3.037432E-04	-2.745684E-03	1.078898E-05	)	)
(	39.8 	(	2.938811E-04	-2.610047E-03	7.412636E-06	)	)
(	39.9 	(	2.840085E-04	-2.473002E-03	3.983603E-06	)	)
(	40.0 	(	2.741340E-04	-2.334583E-03	5.036645E-07	)	)
(	40.1 	(	2.642662E-04	-2.194823E-03	-3.025347E-06	)	)
(	40.2 	(	2.544138E-04	-2.053757E-03	-6.601557E-06	)	)
(	40.3 	(	2.445853E-04	-1.911420E-03	-1.022305E-05	)	)
(	40.4 	(	2.347894E-04	-1.767848E-03	-1.388785E-05	)	)
(	40.5 	(	2.250348E-04	-1.623077E-03	-1.759398E-05	)	)
(	40.6 	(	2.153303E-04	-1.477143E-03	-2.133939E-05	)	)
(	40.7 	(	2.056844E-04	-1.330085E-03	-2.512201E-05	)	)
(	40.8 	(	1.961059E-04	-1.181939E-03	-2.893971E-05	)	)
(	40.9 	(	1.866034E-04	-1.032744E-03	-3.279036E-05	)	)
(	41.0 	(	1.771856E-04	-8.825390E-04	-3.667178E-05	)	)
(	41.1 	(	1.678612E-04	-7.313627E-04	-4.058175E-05	)	)
(	41.2 	(	1.586386E-04	-5.792550E-04	-4.451804E-05	)	)
(	41.3 	(	1.495263E-04	-4.262559E-04	-4.847836E-05	)	)
(	41.4 	(	1.405330E-04	-2.724062E-04	-5.246042E-05	)	)
(	41.5 	(	1.316670E-04	-1.177467E-04	-5.646190E-05	)	)
(	41.6 	(	1.229366E-04	3.768116E-05	-6.048045E-05	)	)
(	41.7 	(	1.143502E-04	1.938355E-04	-6.451370E-05	)	)
(	41.8 	(	1.059159E-04	3.506742E-04	-6.855926E-05	)	)
(	41.9 	(	9.764190E-05	5.081547E-04	-7.261472E-05	)	)
(	42.0 	(	8.953615E-05	6.662340E-04	-7.667764E-05	)	)
(	42.1 	(	8.160659E-05	8.248690E-04	-8.074559E-05	)	)
(	42.2 	(	7.386102E-05	9.840159E-04	-8.481611E-05	)	)
(	42.3 	(	6.630714E-05	1.143631E-03	-8.888673E-05	)	)
(	42.4 	(	5.895252E-05	1.303670E-03	-9.295497E-05	)	)
(	42.5 	(	5.180459E-05	1.464088E-03	-9.701833E-05	)	)
(	42.6 	(	4.487067E-05	1.624841E-03	-1.010743E-04	)	)
(	42.7 	(	3.815791E-05	1.785883E-03	-1.051205E-04	)	)
(	42.8 	(	3.167332E-05	1.947170E-03	-1.091542E-04	)	)
(	42.9 	(	2.542376E-05	2.108655E-03	-1.131731E-04	)	)
(	43.0 	(	1.941593E-05	2.270294E-03	-1.171747E-04	)	)
(	43.1 	(	1.365634E-05	2.432039E-03	-1.211563E-04	)	)
(	43.2 	(	8.151343E-06	2.593846E-03	-1.251156E-04	)	)
(	43.3 	(	2.907117E-06	2.755667E-03	-1.290499E-04	)	)
(	43.4 	(	-2.070358E-06	2.917456E-03	-1.329570E-04	)	)
(	43.5 	(	-6.775291E-06	3.079167E-03	-1.368342E-04	)	)
(	43.6 	(	-1.120209E-05	3.240753E-03	-1.406791E-04	)	)
(	43.7 	(	-1.534536E-05	3.402167E-03	-1.444893E-04	)	)
(	43.8 	(	-1.919991E-05	3.563362E-03	-1.482623E-04	)	)
(	43.9 	(	-2.276080E-05	3.724292E-03	-1.519957E-04	)	)
(	44.0 	(	-2.602325E-05	3.884909E-03	-1.556871E-04	)	)
(	44.1 	(	-2.898274E-05	4.045166E-03	-1.593342E-04	)	)
(	44.2 	(	-3.163499E-05	4.205016E-03	-1.629345E-04	)	)
(	44.3 	(	-3.397591E-05	4.364412E-03	-1.664858E-04	)	)
(	44.4 	(	-3.600168E-05	4.523306E-03	-1.699857E-04	)	)
(	44.5 	(	-3.770872E-05	4.681653E-03	-1.734320E-04	)	)
(	44.6 	(	-3.909367E-05	4.839404E-03	-1.768225E-04	)	)
(	44.7 	(	-4.015345E-05	4.996512E-03	-1.801548E-04	)	)
(	44.8 	(	-4.088522E-05	5.152932E-03	-1.834269E-04	)	)
(	44.9 	(	-4.128638E-05	5.308615E-03	-1.866366E-04	)	)
(	45.0 	(	-4.135462E-05	5.463515E-03	-1.897818E-04	)	)
(	45.1 	(	-4.108786E-05	5.617586E-03	-1.928603E-04	)	)
(	45.2 	(	-4.048431E-05	5.770781E-03	-1.958703E-04	)	)
(	45.3 	(	-3.954243E-05	5.923053E-03	-1.988097E-04	)	)
(	45.4 	(	-3.826096E-05	6.074357E-03	-2.016765E-04	)	)
(	45.5 	(	-3.663891E-05	6.224646E-03	-2.044689E-04	)	)
(	45.6 	(	-3.467557E-05	6.373875E-03	-2.071850E-04	)	)
(	45.7 	(	-3.237048E-05	6.521998E-03	-2.098230E-04	)	)
(	45.8 	(	-2.972349E-05	6.668969E-03	-2.123811E-04	)	)
(	45.9 	(	-2.673471E-05	6.814744E-03	-2.148577E-04	)	)
(	46.0 	(	-2.340453E-05	6.959277E-03	-2.172511E-04	)	)
(	46.1 	(	-1.973362E-05	7.102525E-03	-2.195597E-04	)	)
(	46.2 	(	-1.572294E-05	7.244443E-03	-2.217819E-04	)	)
(	46.3 	(	-1.137373E-05	7.384986E-03	-2.239164E-04	)	)
(	46.4 	(	-6.687487E-06	7.524112E-03	-2.259616E-04	)	)
(	46.5 	(	-1.666024E-06	7.661776E-03	-2.279162E-04	)	)
(	46.6 	(	3.688587E-06	7.797936E-03	-2.297788E-04	)	)
(	46.7 	(	9.373988E-06	7.932550E-03	-2.315484E-04	)	)
(	46.8 	(	1.538754E-05	8.065575E-03	-2.332235E-04	)	)
(	46.9 	(	2.172633E-05	8.196969E-03	-2.348033E-04	)	)
(	47.0 	(	2.838716E-05	8.326692E-03	-2.362865E-04	)	)
(	47.1 	(	3.536657E-05	8.454701E-03	-2.376723E-04	)	)
(	47.2 	(	4.266082E-05	8.580957E-03	-2.389596E-04	)	)
(	47.3 	(	5.026588E-05	8.705419E-03	-2.401477E-04	)	)
(	47.4 	(	5.817748E-05	8.828049E-03	-2.412357E-04	)	)
(	47.5 	(	6.639107E-05	8.948806E-03	-2.422230E-04	)	)
(	47.6 	(	7.490182E-05	9.067653E-03	-2.431090E-04	)	)
(	47.7 	(	8.370467E-05	9.184551E-03	-2.438929E-04	)	)
(	47.8 	(	9.279428E-05	9.299463E-03	-2.445745E-04	)	)
(	47.9 	(	1.021651E-04	9.412351E-03	-2.451531E-04	)	)
(	48.0 	(	1.118112E-04	9.523180E-03	-2.456285E-04	)	)
(	48.1 	(	1.217265E-04	9.631914E-03	-2.460004E-04	)	)
(	48.2 	(	1.319048E-04	9.738517E-03	-2.462686E-04	)	)
(	48.3 	(	1.423393E-04	9.842954E-03	-2.464330E-04	)	)
(	48.4 	(	1.530234E-04	9.945193E-03	-2.464935E-04	)	)
(	48.5 	(	1.639500E-04	1.004520E-02	-2.464501E-04	)	)
(	48.6 	(	1.751118E-04	1.014294E-02	-2.463030E-04	)	)
(	48.7 	(	1.865013E-04	1.023838E-02	-2.460522E-04	)	)
(	48.8 	(	1.981109E-04	1.033149E-02	-2.456981E-04	)	)
(	48.9 	(	2.099326E-04	1.042225E-02	-2.452410E-04	)	)
(	49.0 	(	2.219582E-04	1.051061E-02	-2.446812E-04	)	)
(	49.1 	(	2.341796E-04	1.059655E-02	-2.440193E-04	)	)
(	49.2 	(	2.465882E-04	1.068005E-02	-2.432558E-04	)	)
(	49.3 	(	2.591753E-04	1.076107E-02	-2.423913E-04	)	)
(	49.4 	(	2.719320E-04	1.083958E-02	-2.414266E-04	)	)
(	49.5 	(	2.848493E-04	1.091557E-02	-2.403623E-04	)	)
(	49.6 	(	2.979179E-04	1.098900E-02	-2.391994E-04	)	)
(	49.7 	(	3.111286E-04	1.105985E-02	-2.379389E-04	)	)
(	49.8 	(	3.244717E-04	1.112809E-02	-2.365816E-04	)	)
(	49.9 	(	3.379377E-04	1.119371E-02	-2.351287E-04	)	)
(	50.0 	(	3.515167E-04	1.125667E-02	-2.335813E-04	)	)
(	50.1 	(	3.651987E-04	1.131696E-02	-2.319406E-04	)	)
(	50.2 	(	3.789737E-04	1.137456E-02	-2.302080E-04	)	)
(	50.3 	(	3.928316E-04	1.142944E-02	-2.283848E-04	)	)
(	50.4 	(	4.067620E-04	1.148159E-02	-2.264724E-04	)	)
(	50.5 	(	4.207546E-04	1.153099E-02	-2.244723E-04	)	)
(	50.6 	(	4.347989E-04	1.157762E-02	-2.223862E-04	)	)
(	50.7 	(	4.488844E-04	1.162145E-02	-2.202156E-04	)	)
(	50.8 	(	4.630003E-04	1.166249E-02	-2.179623E-04	)	)
(	50.9 	(	4.771361E-04	1.170071E-02	-2.156280E-04	)	)
(	51.0 	(	4.912809E-04	1.173609E-02	-2.132146E-04	)	)
(	51.1 	(	5.054240E-04	1.176863E-02	-2.107240E-04	)	)
(	51.2 	(	5.195545E-04	1.179831E-02	-2.081581E-04	)	)
(	51.3 	(	5.336615E-04	1.182511E-02	-2.055190E-04	)	)
(	51.4 	(	5.477342E-04	1.184904E-02	-2.028088E-04	)	)
(	51.5 	(	5.617615E-04	1.187007E-02	-2.000296E-04	)	)
(	51.6 	(	5.757327E-04	1.188821E-02	-1.971835E-04	)	)
(	51.7 	(	5.896367E-04	1.190343E-02	-1.942730E-04	)	)
(	51.8 	(	6.034628E-04	1.191574E-02	-1.913002E-04	)	)
(	51.9 	(	6.171998E-04	1.192512E-02	-1.882676E-04	)	)
(	52.0 	(	6.308372E-04	1.193158E-02	-1.851775E-04	)	)
(	52.1 	(	6.443639E-04	1.193510E-02	-1.820325E-04	)	)
(	52.2 	(	6.577693E-04	1.193569E-02	-1.788350E-04	)	)
(	52.3 	(	6.710426E-04	1.193334E-02	-1.755877E-04	)	)
(	52.4 	(	6.841731E-04	1.192804E-02	-1.722930E-04	)	)
(	52.5 	(	6.971504E-04	1.191981E-02	-1.689538E-04	)	)
(	52.6 	(	7.099639E-04	1.190863E-02	-1.655725E-04	)	)
(	52.7 	(	7.226033E-04	1.189451E-02	-1.621521E-04	)	)
(	52.8 	(	7.350581E-04	1.187745E-02	-1.586952E-04	)	)
(	52.9 	(	7.473183E-04	1.185746E-02	-1.552047E-04	)	)
(	53.0 	(	7.593738E-04	1.183453E-02	-1.516834E-04	)	)
(	53.1 	(	7.712146E-04	1.180867E-02	-1.481341E-04	)	)
(	53.2 	(	7.828309E-04	1.177990E-02	-1.445598E-04	)	)
(	53.3 	(	7.942131E-04	1.174820E-02	-1.409634E-04	)	)
(	53.4 	(	8.053516E-04	1.171360E-02	-1.373478E-04	)	)
(	53.5 	(	8.162371E-04	1.167609E-02	-1.337160E-04	)	)
(	53.6 	(	8.268604E-04	1.163569E-02	-1.300710E-04	)	)
(	53.7 	(	8.372126E-04	1.159242E-02	-1.264159E-04	)	)
(	53.8 	(	8.472847E-04	1.154627E-02	-1.227536E-04	)	)
(	53.9 	(	8.570682E-04	1.149726E-02	-1.190872E-04	)	)
(	54.0 	(	8.665547E-04	1.144541E-02	-1.154197E-04	)	)
(	54.1 	(	8.757359E-04	1.139072E-02	-1.117543E-04	)	)
(	54.2 	(	8.846037E-04	1.133322E-02	-1.080940E-04	)	)
(	54.3 	(	8.931506E-04	1.127292E-02	-1.044419E-04	)	)
(	54.4 	(	9.013688E-04	1.120983E-02	-1.008010E-04	)	)
(	54.5 	(	9.092510E-04	1.114397E-02	-9.717450E-05	)	)
(	54.6 	(	9.167902E-04	1.107536E-02	-9.356546E-05	)	)
(	54.7 	(	9.239797E-04	1.100402E-02	-8.997696E-05	)	)
(	54.8 	(	9.308127E-04	1.092996E-02	-8.641208E-05	)	)
(	54.9 	(	9.372829E-04	1.085322E-02	-8.287388E-05	)	)
(	55.0 	(	9.433845E-04	1.077381E-02	-7.936544E-05	)	)
(	55.1 	(	9.491115E-04	1.069175E-02	-7.588980E-05	)	)
(	55.2 	(	9.544585E-04	1.060707E-02	-7.244999E-05	)	)
(	55.3 	(	9.594204E-04	1.051979E-02	-6.904905E-05	)	)
(	55.4 	(	9.639921E-04	1.042993E-02	-6.568996E-05	)	)
(	55.5 	(	9.681691E-04	1.033752E-02	-6.237571E-05	)	)
(	55.6 	(	9.719471E-04	1.024259E-02	-5.910924E-05	)	)
(	55.7 	(	9.753221E-04	1.014517E-02	-5.589350E-05	)	)
(	55.8 	(	9.782903E-04	1.004528E-02	-5.273138E-05	)	)
(	55.9 	(	9.808484E-04	9.942948E-03	-4.962575E-05	)	)
(	56.0 	(	9.829933E-04	9.838209E-03	-4.657946E-05	)	)
(	56.1 	(	9.847222E-04	9.731092E-03	-4.359529E-05	)	)
(	56.2 	(	9.860328E-04	9.621627E-03	-4.067603E-05	)	)
(	56.3 	(	9.869229E-04	9.509847E-03	-3.782440E-05	)	)
(	56.4 	(	9.873907E-04	9.395784E-03	-3.504309E-05	)	)
(	56.5 	(	9.874349E-04	9.279471E-03	-3.233473E-05	)	)
(	56.6 	(	9.870543E-04	9.160943E-03	-2.970193E-05	)	)
(	56.7 	(	9.862482E-04	9.040233E-03	-2.714724E-05	)	)
(	56.8 	(	9.850161E-04	8.917378E-03	-2.467316E-05	)	)
(	56.9 	(	9.833579E-04	8.792413E-03	-2.228214E-05	)	)
(	57.0 	(	9.812738E-04	8.665375E-03	-1.997658E-05	)	)
(	57.1 	(	9.787646E-04	8.536302E-03	-1.775881E-05	)	)
(	57.2 	(	9.758311E-04	8.405230E-03	-1.563113E-05	)	)
(	57.3 	(	9.724745E-04	8.272200E-03	-1.359575E-05	)	)
(	57.4 	(	9.686966E-04	8.137250E-03	-1.165484E-05	)	)
(	57.5 	(	9.644992E-04	8.000419E-03	-9.810494E-06	)	)
(	57.6 	(	9.598847E-04	7.861748E-03	-8.064759E-06	)	)
(	57.7 	(	9.548557E-04	7.721279E-03	-6.419599E-06	)	)
(	57.8 	(	9.494152E-04	7.579052E-03	-4.876917E-06	)	)
(	57.9 	(	9.435666E-04	7.435110E-03	-3.438547E-06	)	)
(	58.0 	(	9.373135E-04	7.289494E-03	-2.106249E-06	)	)
(	58.1 	(	9.306598E-04	7.142248E-03	-8.817117E-07	)	)
(	58.2 	(	9.236100E-04	6.993416E-03	2.334493E-07	)	)
(	58.3 	(	9.161687E-04	6.843042E-03	1.237695E-06	)	)
(	58.4 	(	9.083409E-04	6.691169E-03	2.129564E-06	)	)
(	58.5 	(	9.001319E-04	6.537844E-03	2.907671E-06	)	)
(	58.6 	(	8.915473E-04	6.383110E-03	3.570713E-06	)	)
(	58.7 	(	8.825932E-04	6.227014E-03	4.117465E-06	)	)
(	58.8 	(	8.732757E-04	6.069603E-03	4.546786E-06	)	)
(	58.9 	(	8.636015E-04	5.910921E-03	4.857619E-06	)	)
(	59.0 	(	8.535775E-04	5.751018E-03	5.048987E-06	)	)
(	59.1 	(	8.432109E-04	5.589939E-03	5.120002E-06	)	)
(	59.2 	(	8.325091E-04	5.427732E-03	5.069861E-06	)	)
(	59.3 	(	8.214799E-04	5.264446E-03	4.897846E-06	)	)
(	59.4 	(	8.101315E-04	5.100128E-03	4.603331E-06	)	)
(	59.5 	(	7.984722E-04	4.934827E-03	4.185774E-06	)	)
(	59.6 	(	7.865105E-04	4.768591E-03	3.644725E-06	)	)
(	59.7 	(	7.742554E-04	4.601470E-03	2.979823E-06	)	)
(	59.8 	(	7.617161E-04	4.433513E-03	2.190798E-06	)	)
(	59.9 	(	7.489020E-04	4.264769E-03	1.277469E-06	)	)
(	60.0 	(	7.358227E-04	4.095289E-03	2.397477E-07	)	)
(	60.1 	(	7.224882E-04	3.925121E-03	-9.223613E-07	)	)
(	60.2 	(	7.089086E-04	3.754316E-03	-2.208763E-06	)	)
(	60.3 	(	6.950943E-04	3.582924E-03	-3.619270E-06	)	)
(	60.4 	(	6.810559E-04	3.410995E-03	-5.153602E-06	)	)
(	60.5 	(	6.668041E-04	3.238580E-03	-6.811386E-06	)	)
(	60.6 	(	6.523500E-04	3.065729E-03	-8.592156E-06	)	)
(	60.7 	(	6.377049E-04	2.892494E-03	-1.049536E-05	)	)
(	60.8 	(	6.228800E-04	2.718923E-03	-1.252033E-05	)	)
(	60.9 	(	6.078871E-04	2.545069E-03	-1.466635E-05	)	)
(	61.0 	(	5.927378E-04	2.370982E-03	-1.693256E-05	)	)
(	61.1 	(	5.774440E-04	2.196712E-03	-1.931805E-05	)	)
(	61.2 	(	5.620178E-04	2.022311E-03	-2.182180E-05	)	)
(	61.3 	(	5.464714E-04	1.847829E-03	-2.444269E-05	)	)
(	61.4 	(	5.308172E-04	1.673316E-03	-2.717953E-05	)	)
(	61.5 	(	5.150676E-04	1.498824E-03	-3.003103E-05	)	)
(	61.6 	(	4.992352E-04	1.324402E-03	-3.299580E-05	)	)
(	61.7 	(	4.833327E-04	1.150102E-03	-3.607239E-05	)	)
(	61.8 	(	4.673728E-04	9.759736E-04	-3.925924E-05	)	)
(	61.9 	(	4.513685E-04	8.020668E-04	-4.255470E-05	)	)
(	62.0 	(	4.353326E-04	6.284317E-04	-4.595705E-05	)	)
(	62.1 	(	4.192782E-04	4.551183E-04	-4.946447E-05	)	)
(	62.2 	(	4.032183E-04	2.821763E-04	-5.307507E-05	)	)
(	62.3 	(	3.871661E-04	1.096550E-04	-5.678686E-05	)	)
(	62.4 	(	3.711346E-04	-6.239612E-05	-6.059779E-05	)	)
(	62.5 	(	3.551370E-04	-2.339281E-04	-6.450570E-05	)	)
(	62.6 	(	3.391866E-04	-4.048921E-04	-6.850839E-05	)	)
(	62.7 	(	3.232964E-04	-5.752397E-04	-7.260354E-05	)	)
(	62.8 	(	3.074797E-04	-7.449226E-04	-7.678879E-05	)	)
(	62.9 	(	2.917496E-04	-9.138928E-04	-8.106167E-05	)	)
(	63.0 	(	2.761193E-04	-1.082103E-03	-8.541967E-05	)	)
(	63.1 	(	2.606017E-04	-1.249505E-03	-8.986019E-05	)	)
(	63.2 	(	2.452099E-04	-1.416053E-03	-9.438055E-05	)	)
(	63.3 	(	2.299570E-04	-1.581700E-03	-9.897803E-05	)	)
(	63.4 	(	2.148557E-04	-1.746399E-03	-1.036498E-04	)	)
(	63.5 	(	1.999190E-04	-1.910105E-03	-1.083930E-04	)	)
(	63.6 	(	1.851595E-04	-2.072773E-03	-1.132048E-04	)	)
(	63.7 	(	1.705898E-04	-2.234357E-03	-1.180820E-04	)	)
(	63.8 	(	1.562225E-04	-2.394813E-03	-1.230218E-04	)	)
(	63.9 	(	1.420699E-04	-2.554097E-03	-1.280208E-04	)	)
(	64.0 	(	1.281442E-04	-2.712165E-03	-1.330761E-04	)	)
(	64.1 	(	1.144577E-04	-2.868975E-03	-1.381843E-04	)	)
(	64.2 	(	1.010221E-04	-3.024483E-03	-1.433423E-04	)	)
(	64.3 	(	8.784933E-05	-3.178647E-03	-1.485466E-04	)	)
(	64.4 	(	7.495094E-05	-3.331427E-03	-1.537939E-04	)	)
(	64.5 	(	6.233836E-05	-3.482780E-03	-1.590809E-04	)	)
(	64.6 	(	5.002280E-05	-3.632667E-03	-1.644040E-04	)	)
(	64.7 	(	3.801529E-05	-3.781047E-03	-1.697598E-04	)	)
(	64.8 	(	2.632662E-05	-3.927881E-03	-1.751447E-04	)	)
(	64.9 	(	1.496738E-05	-4.073131E-03	-1.805552E-04	)	)
(	65.0 	(	3.947916E-06	-4.216758E-03	-1.859877E-04	)	)
(	65.1 	(	-6.721670E-06	-4.358726E-03	-1.914386E-04	)	)
(	65.2 	(	-1.703152E-05	-4.498996E-03	-1.969042E-04	)	)
(	65.3 	(	-2.697203E-05	-4.637533E-03	-2.023807E-04	)	)
(	65.4 	(	-3.653388E-05	-4.774301E-03	-2.078647E-04	)	)
(	65.5 	(	-4.570802E-05	-4.909266E-03	-2.133522E-04	)	)
(	65.6 	(	-5.448566E-05	-5.042393E-03	-2.188396E-04	)	)
(	65.7 	(	-6.285834E-05	-5.173649E-03	-2.243231E-04	)	)
(	65.8 	(	-7.081787E-05	-5.303001E-03	-2.297990E-04	)	)
(	65.9 	(	-7.835639E-05	-5.430416E-03	-2.352635E-04	)	)
(	66.0 	(	-8.546632E-05	-5.555865E-03	-2.407128E-04	)	)
(	66.1 	(	-9.214045E-05	-5.679315E-03	-2.461431E-04	)	)
(	66.2 	(	-9.837185E-05	-5.800737E-03	-2.515506E-04	)	)
(	66.3 	(	-1.041539E-04	-5.920103E-03	-2.569317E-04	)	)
(	66.4 	(	-1.094805E-04	-6.037382E-03	-2.622824E-04	)	)
(	66.5 	(	-1.143456E-04	-6.152549E-03	-2.675990E-04	)	)
(	66.6 	(	-1.187438E-04	-6.265577E-03	-2.728778E-04	)	)
(	66.7 	(	-1.226699E-04	-6.376438E-03	-2.781149E-04	)	)
(	66.8 	(	-1.261189E-04	-6.485109E-03	-2.833068E-04	)	)
(	66.9 	(	-1.290866E-04	-6.591564E-03	-2.884496E-04	)	)
(	67.0 	(	-1.315688E-04	-6.695780E-03	-2.935397E-04	)	)
(	67.1 	(	-1.335618E-04	-6.797734E-03	-2.985734E-04	)	)
(	67.2 	(	-1.350624E-04	-6.897405E-03	-3.035470E-04	)	)
(	67.3 	(	-1.360675E-04	-6.994771E-03	-3.084569E-04	)	)
(	67.4 	(	-1.365746E-04	-7.089812E-03	-3.132996E-04	)	)
(	67.5 	(	-1.365816E-04	-7.182508E-03	-3.180715E-04	)	)
(	67.6 	(	-1.360866E-04	-7.272842E-03	-3.227691E-04	)	)
(	67.7 	(	-1.350885E-04	-7.360794E-03	-3.273889E-04	)	)
(	67.8 	(	-1.335861E-04	-7.446349E-03	-3.319275E-04	)	)
(	67.9 	(	-1.315789E-04	-7.529491E-03	-3.363814E-04	)	)
(	68.0 	(	-1.290668E-04	-7.610203E-03	-3.407475E-04	)	)
(	68.1 	(	-1.260500E-04	-7.688473E-03	-3.450222E-04	)	)
(	68.2 	(	-1.225292E-04	-7.764286E-03	-3.492025E-04	)	)
(	68.3 	(	-1.185053E-04	-7.837631E-03	-3.532852E-04	)	)
(	68.4 	(	-1.139798E-04	-7.908495E-03	-3.572670E-04	)	)
(	68.5 	(	-1.089547E-04	-7.976868E-03	-3.611450E-04	)	)
(	68.6 	(	-1.034322E-04	-8.042740E-03	-3.649161E-04	)	)
(	68.7 	(	-9.741492E-05	-8.106101E-03	-3.685774E-04	)	)
(	68.8 	(	-9.090596E-05	-8.166945E-03	-3.721260E-04	)	)
(	68.9 	(	-8.390881E-05	-8.225264E-03	-3.755592E-04	)	)
(	69.0 	(	-7.642735E-05	-8.281051E-03	-3.788741E-04	)	)
(	69.1 	(	-6.846584E-05	-8.334301E-03	-3.820681E-04	)	)
(	69.2 	(	-6.002897E-05	-8.385011E-03	-3.851387E-04	)	)
(	69.3 	(	-5.112180E-05	-8.433175E-03	-3.880832E-04	)	)
(	69.4 	(	-4.174978E-05	-8.478791E-03	-3.908994E-04	)	)
(	69.5 	(	-3.191877E-05	-8.521859E-03	-3.935848E-04	)	)
(	69.6 	(	-2.163498E-05	-8.562376E-03	-3.961371E-04	)	)
(	69.7 	(	-1.090503E-05	-8.600342E-03	-3.985542E-04	)	)
(	69.8 	(	2.641030E-07	-8.635760E-03	-4.008341E-04	)	)
(	69.9 	(	1.186506E-05	-8.668629E-03	-4.029746E-04	)	)
(	70.0 	(	2.389012E-05	-8.698954E-03	-4.049738E-04	)	)
(	70.1 	(	3.633121E-05	-8.726737E-03	-4.068300E-04	)	)
(	70.2 	(	4.917988E-05	-8.751983E-03	-4.085415E-04	)	)
(	70.3 	(	6.242735E-05	-8.774698E-03	-4.101064E-04	)	)
(	70.4 	(	7.606449E-05	-8.794886E-03	-4.115235E-04	)	)
(	70.5 	(	9.008183E-05	-8.812556E-03	-4.127911E-04	)	)
(	70.6 	(	1.044696E-04	-8.827715E-03	-4.139079E-04	)	)
(	70.7 	(	1.192176E-04	-8.840373E-03	-4.148728E-04	)	)
(	70.8 	(	1.343154E-04	-8.850537E-03	-4.156845E-04	)	)
(	70.9 	(	1.497524E-04	-8.858220E-03	-4.163420E-04	)	)
(	71.0 	(	1.655174E-04	-8.863432E-03	-4.168444E-04	)	)
(	71.1 	(	1.815991E-04	-8.866186E-03	-4.171908E-04	)	)
(	71.2 	(	1.979859E-04	-8.866494E-03	-4.173806E-04	)	)
(	71.3 	(	2.146658E-04	-8.864370E-03	-4.174131E-04	)	)
(	71.4 	(	2.316267E-04	-8.859828E-03	-4.172877E-04	)	)
(	71.5 	(	2.488562E-04	-8.852885E-03	-4.170042E-04	)	)
(	71.6 	(	2.663416E-04	-8.843556E-03	-4.165621E-04	)	)
(	71.7 	(	2.840700E-04	-8.831858E-03	-4.159612E-04	)	)
(	71.8 	(	3.020281E-04	-8.817810E-03	-4.152016E-04	)	)
(	71.9 	(	3.202027E-04	-8.801429E-03	-4.142833E-04	)	)
(	72.0 	(	3.385802E-04	-8.782734E-03	-4.132062E-04	)	)
(	72.1 	(	3.571468E-04	-8.761747E-03	-4.119709E-04	)	)
(	72.2 	(	3.758884E-04	-8.738488E-03	-4.105774E-04	)	)
(	72.3 	(	3.947910E-04	-8.712978E-03	-4.090264E-04	)	)
(	72.4 	(	4.138403E-04	-8.685239E-03	-4.073185E-04	)	)
(	72.5 	(	4.330217E-04	-8.655296E-03	-4.054542E-04	)	)
(	72.6 	(	4.523207E-04	-8.623170E-03	-4.034344E-04	)	)
(	72.7 	(	4.717225E-04	-8.588888E-03	-4.012600E-04	)	)
(	72.8 	(	4.912122E-04	-8.552473E-03	-3.989320E-04	)	)
(	72.9 	(	5.107748E-04	-8.513952E-03	-3.964516E-04	)	)
(	73.0 	(	5.303953E-04	-8.473352E-03	-3.938199E-04	)	)
(	73.1 	(	5.500584E-04	-8.430698E-03	-3.910383E-04	)	)
(	73.2 	(	5.697489E-04	-8.386020E-03	-3.881083E-04	)	)
(	73.3 	(	5.894515E-04	-8.339345E-03	-3.850313E-04	)	)
(	73.4 	(	6.091508E-04	-8.290702E-03	-3.818091E-04	)	)
(	73.5 	(	6.288314E-04	-8.240122E-03	-3.784434E-04	)	)
(	73.6 	(	6.484778E-04	-8.187634E-03	-3.749361E-04	)	)
(	73.7 	(	6.680747E-04	-8.133269E-03	-3.712891E-04	)	)
(	73.8 	(	6.876065E-04	-8.077058E-03	-3.675044E-04	)	)
(	73.9 	(	7.070578E-04	-8.019034E-03	-3.635844E-04	)	)
(	74.0 	(	7.264132E-04	-7.959228E-03	-3.595311E-04	)	)
(	74.1 	(	7.456573E-04	-7.897674E-03	-3.553470E-04	)	)
(	74.2 	(	7.647747E-04	-7.834405E-03	-3.510346E-04	)	)
(	74.3 	(	7.837502E-04	-7.769456E-03	-3.465963E-04	)	)
(	74.4 	(	8.025684E-04	-7.702860E-03	-3.420348E-04	)	)
(	74.5 	(	8.212144E-04	-7.634653E-03	-3.373529E-04	)	)
(	74.6 	(	8.396731E-04	-7.564870E-03	-3.325534E-04	)	)
(	74.7 	(	8.579294E-04	-7.493546E-03	-3.276391E-04	)	)
(	74.8 	(	8.759687E-04	-7.420719E-03	-3.226131E-04	)	)
(	74.9 	(	8.937762E-04	-7.346425E-03	-3.174784E-04	)	)
(	75.0 	(	9.113374E-04	-7.270700E-03	-3.122383E-04	)	)
(	75.1 	(	9.286380E-04	-7.193583E-03	-3.068959E-04	)	)
(	75.2 	(	9.456636E-04	-7.115111E-03	-3.014545E-04	)	)
(	75.3 	(	9.624004E-04	-7.035322E-03	-2.959176E-04	)	)
(	75.4 	(	9.788344E-04	-6.954255E-03	-2.902886E-04	)	)
(	75.5 	(	9.949520E-04	-6.871948E-03	-2.845710E-04	)	)
(	75.6 	(	1.010740E-03	-6.788441E-03	-2.787685E-04	)	)
(	75.7 	(	1.026185E-03	-6.703774E-03	-2.728847E-04	)	)
(	75.8 	(	1.041273E-03	-6.617985E-03	-2.669234E-04	)	)
(	75.9 	(	1.055994E-03	-6.531115E-03	-2.608882E-04	)	)
(	76.0 	(	1.070333E-03	-6.443204E-03	-2.547832E-04	)	)
(	76.1 	(	1.084278E-03	-6.354292E-03	-2.486121E-04	)	)
(	76.2 	(	1.097819E-03	-6.264420E-03	-2.423790E-04	)	)
(	76.3 	(	1.110943E-03	-6.173629E-03	-2.360879E-04	)	)
(	76.4 	(	1.123638E-03	-6.081959E-03	-2.297427E-04	)	)
(	76.5 	(	1.135895E-03	-5.989452E-03	-2.233477E-04	)	)
(	76.6 	(	1.147701E-03	-5.896149E-03	-2.169069E-04	)	)
(	76.7 	(	1.159048E-03	-5.802092E-03	-2.104245E-04	)	)
(	76.8 	(	1.169924E-03	-5.707321E-03	-2.039048E-04	)	)
(	76.9 	(	1.180321E-03	-5.611879E-03	-1.973520E-04	)	)
(	77.0 	(	1.190228E-03	-5.515807E-03	-1.907704E-04	)	)
(	77.1 	(	1.199637E-03	-5.419147E-03	-1.841643E-04	)	)
(	77.2 	(	1.208539E-03	-5.321940E-03	-1.775380E-04	)	)
(	77.3 	(	1.216927E-03	-5.224229E-03	-1.708959E-04	)	)
(	77.4 	(	1.224792E-03	-5.126055E-03	-1.642424E-04	)	)
(	77.5 	(	1.232126E-03	-5.027459E-03	-1.575818E-04	)	)
(	77.6 	(	1.238924E-03	-4.928484E-03	-1.509185E-04	)	)
(	77.7 	(	1.245178E-03	-4.829172E-03	-1.442570E-04	)	)
(	77.8 	(	1.250881E-03	-4.729563E-03	-1.376016E-04	)	)
(	77.9 	(	1.256029E-03	-4.629700E-03	-1.309569E-04	)	)
(	78.0 	(	1.260616E-03	-4.529623E-03	-1.243271E-04	)	)
(	78.1 	(	1.264637E-03	-4.429375E-03	-1.177167E-04	)	)
(	78.2 	(	1.268088E-03	-4.328997E-03	-1.111301E-04	)	)
(	78.3 	(	1.270963E-03	-4.228529E-03	-1.045718E-04	)	)
(	78.4 	(	1.273261E-03	-4.128013E-03	-9.804601E-05	)	)
(	78.5 	(	1.274977E-03	-4.027489E-03	-9.155720E-05	)	)
(	78.6 	(	1.276110E-03	-3.926997E-03	-8.510968E-05	)	)
(	78.7 	(	1.276656E-03	-3.826579E-03	-7.870778E-05	)	)
(	78.8 	(	1.276614E-03	-3.726275E-03	-7.235581E-05	)	)
(	78.9 	(	1.275983E-03	-3.626124E-03	-6.605802E-05	)	)
(	79.0 	(	1.274761E-03	-3.526165E-03	-5.981865E-05	)	)
(	79.1 	(	1.272949E-03	-3.426440E-03	-5.364190E-05	)	)
(	79.2 	(	1.270546E-03	-3.326985E-03	-4.753194E-05	)	)
(	79.3 	(	1.267553E-03	-3.227841E-03	-4.149288E-05	)	)
(	79.4 	(	1.263971E-03	-3.129046E-03	-3.552881E-05	)	)
(	79.5 	(	1.259802E-03	-3.030637E-03	-2.964374E-05	)	)
(	79.6 	(	1.255047E-03	-2.932654E-03	-2.384166E-05	)	)
(	79.7 	(	1.249709E-03	-2.835132E-03	-1.812649E-05	)	)
(	79.8 	(	1.243791E-03	-2.738111E-03	-1.250210E-05	)	)
(	79.9 	(	1.237295E-03	-2.641625E-03	-6.972299E-06	)	)
(	80.0 	(	1.230227E-03	-2.545711E-03	-1.540832E-06	)	)
(	80.1 	(	1.222590E-03	-2.450406E-03	3.788620E-06	)	)
(	80.2 	(	1.214388E-03	-2.355745E-03	9.012443E-06	)	)
(	80.3 	(	1.205628E-03	-2.261763E-03	1.412709E-05	)	)
(	80.4 	(	1.196314E-03	-2.168494E-03	1.912910E-05	)	)
(	80.5 	(	1.186453E-03	-2.075973E-03	2.401508E-05	)	)
(	80.6 	(	1.176051E-03	-1.984233E-03	2.878170E-05	)	)
(	80.7 	(	1.165116E-03	-1.893308E-03	3.342574E-05	)	)
(	80.8 	(	1.153655E-03	-1.803229E-03	3.794404E-05	)	)
(	80.9 	(	1.141675E-03	-1.714030E-03	4.233355E-05	)	)
(	81.0 	(	1.129185E-03	-1.625742E-03	4.659127E-05	)	)
(	81.1 	(	1.116194E-03	-1.538395E-03	5.071434E-05	)	)
(	81.2 	(	1.102710E-03	-1.452021E-03	5.469996E-05	)	)
(	81.3 	(	1.088744E-03	-1.366650E-03	5.854542E-05	)	)
(	81.4 	(	1.074305E-03	-1.282310E-03	6.224814E-05	)	)
(	81.5 	(	1.059404E-03	-1.199031E-03	6.580561E-05	)	)
(	81.6 	(	1.044051E-03	-1.116840E-03	6.921543E-05	)	)
(	81.7 	(	1.028258E-03	-1.035766E-03	7.247531E-05	)	)
(	81.8 	(	1.012035E-03	-9.558355E-04	7.558306E-05	)	)
(	81.9 	(	9.953959E-04	-8.770747E-04	7.853659E-05	)	)
(	82.0 	(	9.783514E-04	-7.995093E-04	8.133394E-05	)	)
(	82.1 	(	9.609146E-04	-7.231646E-04	8.397324E-05	)	)
(	82.2 	(	9.430983E-04	-6.480649E-04	8.645274E-05	)	)
(	82.3 	(	9.249158E-04	-5.742340E-04	8.877080E-05	)	)
(	82.4 	(	9.063806E-04	-5.016950E-04	9.092591E-05	)	)
(	82.5 	(	8.875067E-04	-4.304704E-04	9.291665E-05	)	)
(	82.6 	(	8.683082E-04	-3.605818E-04	9.474174E-05	)	)
(	82.7 	(	8.487995E-04	-2.920505E-04	9.640001E-05	)	)
(	82.8 	(	8.289955E-04	-2.248967E-04	9.789042E-05	)	)
(	82.9 	(	8.089110E-04	-1.591400E-04	9.921203E-05	)	)
(	83.0 	(	7.885615E-04	-9.479949E-05	1.003640E-04	)	)
(	83.1 	(	7.679623E-04	-3.189330E-05	1.013458E-04	)	)
(	83.2 	(	7.471293E-04	2.956107E-05	1.021567E-04	)	)
(	83.3 	(	7.260784E-04	8.954685E-05	1.027963E-04	)	)
(	83.4 	(	7.048258E-04	1.480480E-04	1.032643E-04	)	)
(	83.5 	(	6.833878E-04	2.050492E-04	1.035606E-04	)	)
(	83.6 	(	6.617811E-04	2.605360E-04	1.036850E-04	)	)
(	83.7 	(	6.400223E-04	3.144946E-04	1.036377E-04	)	)
(	83.8 	(	6.181283E-04	3.669119E-04	1.034188E-04	)	)
(	83.9 	(	5.961162E-04	4.177756E-04	1.030286E-04	)	)
(	84.0 	(	5.740031E-04	4.670743E-04	1.024677E-04	)	)
(	84.1 	(	5.518063E-04	5.147972E-04	1.017366E-04	)	)
(	84.2 	(	5.295432E-04	5.609343E-04	1.008359E-04	)	)
(	84.3 	(	5.072313E-04	6.054764E-04	9.976653E-05	)	)
(	84.4 	(	4.848881E-04	6.484150E-04	9.852943E-05	)	)
(	84.5 	(	4.625313E-04	6.897426E-04	9.712567E-05	)	)
(	84.6 	(	4.401786E-04	7.294521E-04	9.555645E-05	)	)
(	84.7 	(	4.178475E-04	7.675376E-04	9.382311E-05	)	)
(	84.8 	(	3.955560E-04	8.039937E-04	9.192709E-05	)	)
(	84.9 	(	3.733216E-04	8.388158E-04	8.986996E-05	)	)
(	85.0 	(	3.511623E-04	8.720001E-04	8.765343E-05	)	)
(	85.1 	(	3.290956E-04	9.035438E-04	8.527932E-05	)	)
(	85.2 	(	3.071392E-04	9.334445E-04	8.274956E-05	)	)
(	85.3 	(	2.853108E-04	9.617008E-04	8.006621E-05	)	)
(	85.4 	(	2.636280E-04	9.883121E-04	7.723145E-05	)	)
(	85.5 	(	2.421083E-04	1.013279E-03	7.424757E-05	)	)
(	85.6 	(	2.207690E-04	1.036601E-03	7.111697E-05	)	)
(	85.7 	(	1.996274E-04	1.058281E-03	6.784219E-05	)	)
(	85.8 	(	1.787008E-04	1.078321E-03	6.442585E-05	)	)
(	85.9 	(	1.580062E-04	1.096725E-03	6.087069E-05	)	)
(	86.0 	(	1.375605E-04	1.113496E-03	5.717958E-05	)	)
(	86.1 	(	1.173805E-04	1.128639E-03	5.335546E-05	)	)
(	86.2 	(	9.748259E-05	1.142159E-03	4.940142E-05	)	)
(	86.3 	(	7.788332E-05	1.154064E-03	4.532061E-05	)	)
(	86.4 	(	5.859882E-05	1.164359E-03	4.111631E-05	)	)
(	86.5 	(	3.964507E-05	1.173052E-03	3.679188E-05	)	)
(	86.6 	(	2.103779E-05	1.180153E-03	3.235079E-05	)	)
(	86.7 	(	2.792503E-06	1.185670E-03	2.779660E-05	)	)
(	86.8 	(	-1.507556E-05	1.189613E-03	2.313297E-05	)	)
(	86.9 	(	-3.255141E-05	1.191993E-03	1.836364E-05	)	)
(	87.0 	(	-4.962034E-05	1.192822E-03	1.349243E-05	)	)
(	87.1 	(	-6.626794E-05	1.192111E-03	8.523271E-06	)	)
(	87.2 	(	-8.248011E-05	1.189873E-03	3.460149E-06	)	)
(	87.3 	(	-9.824305E-05	1.186122E-03	-1.692855E-06	)	)
(	87.4 	(	-1.135433E-04	1.180872E-03	-6.931589E-06	)	)
(	87.5 	(	-1.283677E-04	1.174138E-03	-1.225182E-05	)	)
(	87.6 	(	-1.427035E-04	1.165935E-03	-1.764926E-05	)	)
(	87.7 	(	-1.565382E-04	1.156280E-03	-2.311953E-05	)	)
(	87.8 	(	-1.698598E-04	1.145190E-03	-2.865821E-05	)	)
(	87.9 	(	-1.826567E-04	1.132682E-03	-3.426079E-05	)	)
(	88.0 	(	-1.949176E-04	1.118775E-03	-3.992272E-05	)	)
(	88.1 	(	-2.066315E-04	1.103487E-03	-4.563940E-05	)	)
(	88.2 	(	-2.177880E-04	1.086838E-03	-5.140617E-05	)	)
(	88.3 	(	-2.283771E-04	1.068847E-03	-5.721830E-05	)	)
(	88.4 	(	-2.383892E-04	1.049537E-03	-6.307104E-05	)	)
(	88.5 	(	-2.478150E-04	1.028927E-03	-6.895959E-05	)	)
(	88.6 	(	-2.566458E-04	1.007040E-03	-7.487911E-05	)	)
(	88.7 	(	-2.648733E-04	9.838980E-04	-8.082472E-05	)	)
(	88.8 	(	-2.724898E-04	9.595246E-04	-8.679150E-05	)	)
(	88.9 	(	-2.794878E-04	9.339430E-04	-9.277453E-05	)	)
(	89.0 	(	-2.858605E-04	9.071774E-04	-9.876883E-05	)	)
(	89.1 	(	-2.916015E-04	8.792525E-04	-1.047694E-04	)	)
(	89.2 	(	-2.967048E-04	8.501935E-04	-1.107713E-04	)	)
(	89.3 	(	-3.011651E-04	8.200260E-04	-1.167694E-04	)	)
(	89.4 	(	-3.049774E-04	7.887763E-04	-1.227587E-04	)	)
(	89.5 	(	-3.081373E-04	7.564711E-04	-1.287342E-04	)	)
(	89.6 	(	-3.106410E-04	7.231374E-04	-1.346909E-04	)	)
(	89.7 	(	-3.124849E-04	6.888030E-04	-1.406236E-04	)	)
(	89.8 	(	-3.136663E-04	6.534958E-04	-1.465273E-04	)	)
(	89.9 	(	-3.141828E-04	6.172444E-04	-1.523971E-04	)	)
(	90.0 	(	-3.140325E-04	5.800777E-04	-1.582278E-04	)	)
(	90.1 	(	-3.132142E-04	5.420250E-04	-1.640144E-04	)	)
(	90.2 	(	-3.117270E-04	5.031160E-04	-1.697520E-04	)	)
(	90.3 	(	-3.095708E-04	4.633809E-04	-1.754356E-04	)	)
(	90.4 	(	-3.067457E-04	4.228501E-04	-1.810601E-04	)	)
(	90.5 	(	-3.032526E-04	3.815544E-04	-1.866208E-04	)	)
(	90.6 	(	-2.990929E-04	3.395251E-04	-1.921126E-04	)	)
(	90.7 	(	-2.942683E-04	2.967935E-04	-1.975308E-04	)	)
(	90.8 	(	-2.887814E-04	2.533916E-04	-2.028704E-04	)	)
(	90.9 	(	-2.826351E-04	2.093514E-04	-2.081268E-04	)	)
(	91.0 	(	-2.758328E-04	1.647053E-04	-2.132952E-04	)	)
(	91.1 	(	-2.683785E-04	1.194859E-04	-2.183708E-04	)	)
(	91.2 	(	-2.602768E-04	7.372623E-05	-2.233492E-04	)	)
(	91.3 	(	-2.515327E-04	2.745935E-05	-2.282256E-04	)	)
(	91.4 	(	-2.421518E-04	-1.928136E-05	-2.329956E-04	)	)
(	91.5 	(	-2.321401E-04	-6.646231E-05	-2.376547E-04	)	)
(	91.6 	(	-2.215042E-04	-1.140497E-04	-2.421985E-04	)	)
(	91.7 	(	-2.102514E-04	-1.620096E-04	-2.466228E-04	)	)
(	91.8 	(	-1.983891E-04	-2.103080E-04	-2.509232E-04	)	)
(	91.9 	(	-1.859255E-04	-2.589104E-04	-2.550956E-04	)	)
(	92.0 	(	-1.728693E-04	-3.077826E-04	-2.591359E-04	)	)
(	92.1 	(	-1.592294E-04	-3.568900E-04	-2.630401E-04	)	)
(	92.2 	(	-1.450156E-04	-4.061980E-04	-2.668043E-04	)	)
(	92.3 	(	-1.302378E-04	-4.556719E-04	-2.704245E-04	)	)
(	92.4 	(	-1.149066E-04	-5.052769E-04	-2.738972E-04	)	)
(	92.5 	(	-9.903297E-05	-5.549782E-04	-2.772186E-04	)	)
(	92.6 	(	-8.262836E-05	-6.047409E-04	-2.803851E-04	)	)
(	92.7 	(	-6.570467E-05	-6.545301E-04	-2.833934E-04	)	)
(	92.8 	(	-4.827422E-05	-7.043110E-04	-2.862401E-04	)	)
(	92.9 	(	-3.034978E-05	-7.540485E-04	-2.889218E-04	)	)
(	93.0 	(	-1.194452E-05	-8.037078E-04	-2.914356E-04	)	)
(	93.1 	(	6.927971E-06	-8.532541E-04	-2.937782E-04	)	)
(	93.2 	(	2.625370E-05	-9.026526E-04	-2.959469E-04	)	)
(	93.3 	(	4.601829E-05	-9.518685E-04	-2.979389E-04	)	)
(	93.4 	(	6.620699E-05	-1.000867E-03	-2.997513E-04	)	)
(	93.5 	(	8.680466E-05	-1.049614E-03	-3.013817E-04	)	)
(	93.6 	(	1.077958E-04	-1.098075E-03	-3.028276E-04	)	)
(	93.7 	(	1.291647E-04	-1.146215E-03	-3.040868E-04	)	)
(	93.8 	(	1.508950E-04	-1.194001E-03	-3.051569E-04	)	)
(	93.9 	(	1.729704E-04	-1.241398E-03	-3.060359E-04	)	)
(	94.0 	(	1.953739E-04	-1.288373E-03	-3.067219E-04	)	)
(	94.1 	(	2.180886E-04	-1.334892E-03	-3.072131E-04	)	)
(	94.2 	(	2.410971E-04	-1.380921E-03	-3.075077E-04	)	)
(	94.3 	(	2.643817E-04	-1.426427E-03	-3.076043E-04	)	)
(	94.4 	(	2.879245E-04	-1.471378E-03	-3.075014E-04	)	)
(	94.5 	(	3.117074E-04	-1.515740E-03	-3.071977E-04	)	)
(	94.6 	(	3.357119E-04	-1.559481E-03	-3.066922E-04	)	)
(	94.7 	(	3.599196E-04	-1.602570E-03	-3.059837E-04	)	)
(	94.8 	(	3.843116E-04	-1.644973E-03	-3.050715E-04	)	)
(	94.9 	(	4.088689E-04	-1.686660E-03	-3.039548E-04	)	)
(	95.0 	(	4.335724E-04	-1.727598E-03	-3.026331E-04	)	)
(	95.1 	(	4.584028E-04	-1.767758E-03	-3.011059E-04	)	)
(	95.2 	(	4.833406E-04	-1.807109E-03	-2.993728E-04	)	)
(	95.3 	(	5.083662E-04	-1.845620E-03	-2.974339E-04	)	)
(	95.4 	(	5.334601E-04	-1.883261E-03	-2.952890E-04	)	)
(	95.5 	(	5.586023E-04	-1.920004E-03	-2.929382E-04	)	)
(	95.6 	(	5.837731E-04	-1.955818E-03	-2.903820E-04	)	)
(	95.7 	(	6.089524E-04	-1.990676E-03	-2.876206E-04	)	)
(	95.8 	(	6.341204E-04	-2.024549E-03	-2.846547E-04	)	)
(	95.9 	(	6.592569E-04	-2.057409E-03	-2.814849E-04	)	)
(	96.0 	(	6.843420E-04	-2.089229E-03	-2.781122E-04	)	)
(	96.1 	(	7.093557E-04	-2.119981E-03	-2.745375E-04	)	)
(	96.2 	(	7.342779E-04	-2.149641E-03	-2.707620E-04	)	)
(	96.3 	(	7.590886E-04	-2.178181E-03	-2.667869E-04	)	)
(	96.4 	(	7.837679E-04	-2.205576E-03	-2.626137E-04	)	)
(	96.5 	(	8.082959E-04	-2.231802E-03	-2.582440E-04	)	)
(	96.6 	(	8.326528E-04	-2.256834E-03	-2.536794E-04	)	)
(	96.7 	(	8.568189E-04	-2.280647E-03	-2.489219E-04	)	)
(	96.8 	(	8.807745E-04	-2.303220E-03	-2.439734E-04	)	)
(	96.9 	(	9.045003E-04	-2.324528E-03	-2.388360E-04	)	)
(	97.0 	(	9.279768E-04	-2.344550E-03	-2.335120E-04	)	)
(	97.1 	(	9.511850E-04	-2.363264E-03	-2.280037E-04	)	)
(	97.2 	(	9.741057E-04	-2.380650E-03	-2.223139E-04	)	)
(	97.3 	(	9.967201E-04	-2.396685E-03	-2.164450E-04	)	)
(	97.4 	(	1.019010E-03	-2.411352E-03	-2.103999E-04	)	)
(	97.5 	(	1.040956E-03	-2.424630E-03	-2.041815E-04	)	)
(	97.6 	(	1.062541E-03	-2.436501E-03	-1.977929E-04	)	)
(	97.7 	(	1.083746E-03	-2.446946E-03	-1.912372E-04	)	)
(	97.8 	(	1.104555E-03	-2.455950E-03	-1.845178E-04	)	)
(	97.9 	(	1.124949E-03	-2.463493E-03	-1.776380E-04	)	)
(	98.0 	(	1.144912E-03	-2.469562E-03	-1.706014E-04	)	)
(	98.1 	(	1.164426E-03	-2.474140E-03	-1.634117E-04	)	)
(	98.2 	(	1.183475E-03	-2.477212E-03	-1.560726E-04	)	)
(	98.3 	(	1.202044E-03	-2.478765E-03	-1.485881E-04	)	)
(	98.4 	(	1.220116E-03	-2.478784E-03	-1.409620E-04	)	)
(	98.5 	(	1.237676E-03	-2.477258E-03	-1.331985E-04	)	)
(	98.6 	(	1.254708E-03	-2.474174E-03	-1.253019E-04	)	)
(	98.7 	(	1.271199E-03	-2.469521E-03	-1.172764E-04	)	)
(	98.8 	(	1.287134E-03	-2.463289E-03	-1.091264E-04	)	)
(	98.9 	(	1.302498E-03	-2.455467E-03	-1.008564E-04	)	)
(	99.0 	(	1.317280E-03	-2.446046E-03	-9.247101E-05	)	)
(	99.1 	(	1.331464E-03	-2.435017E-03	-8.397493E-05	)	)
(	99.2 	(	1.345040E-03	-2.422374E-03	-7.537292E-05	)	)
(	99.3 	(	1.357995E-03	-2.408109E-03	-6.666982E-05	)	)
(	99.4 	(	1.370317E-03	-2.392215E-03	-5.787058E-05	)	)
(	99.5 	(	1.381994E-03	-2.374687E-03	-4.898019E-05	)	)
(	99.6 	(	1.393018E-03	-2.355521E-03	-4.000374E-05	)	)
(	99.7 	(	1.403376E-03	-2.334711E-03	-3.094639E-05	)	)
(	99.8 	(	1.413060E-03	-2.312256E-03	-2.181335E-05	)	)
(	99.9 	(	1.422060E-03	-2.288151E-03	-1.260990E-05	)	)
(	100.0 	(	1.430368E-03	-2.262396E-03	-3.341387E-06	)	)
(	100.1 	(	1.437975E-03	-2.234989E-03	5.986793E-06	)	)
(	100.2 	(	1.444874E-03	-2.205929E-03	1.536919E-05	)	)
(	100.3 	(	1.451058E-03	-2.175218E-03	2.480031E-05	)	)
(	100.4 	(	1.456521E-03	-2.142856E-03	3.427461E-05	)	)
(	100.5 	(	1.461256E-03	-2.108845E-03	4.378651E-05	)	)
(	100.6 	(	1.465257E-03	-2.073188E-03	5.333039E-05	)	)
(	100.7 	(	1.468522E-03	-2.035888E-03	6.290060E-05	)	)
(	100.8 	(	1.471044E-03	-1.996949E-03	7.249145E-05	)	)
(	100.9 	(	1.472820E-03	-1.956376E-03	8.209725E-05	)	)
(	101.0 	(	1.473848E-03	-1.914175E-03	9.171226E-05	)	)
(	101.1 	(	1.474124E-03	-1.870352E-03	1.013307E-04	)	)
(	101.2 	(	1.473647E-03	-1.824914E-03	1.109470E-04	)	)
(	101.3 	(	1.472416E-03	-1.777869E-03	1.205551E-04	)	)
(	101.4 	(	1.470429E-03	-1.729226E-03	1.301494E-04	)	)
(	101.5 	(	1.467687E-03	-1.678994E-03	1.397242E-04	)	)
(	101.6 	(	1.464190E-03	-1.627182E-03	1.492736E-04	)	)
(	101.7 	(	1.459940E-03	-1.573803E-03	1.587918E-04	)	)
(	101.8 	(	1.454937E-03	-1.518866E-03	1.682732E-04	)	)
(	101.9 	(	1.449184E-03	-1.462385E-03	1.777120E-04	)	)
(	102.0 	(	1.442684E-03	-1.404372E-03	1.871025E-04	)	)
(	102.1 	(	1.435440E-03	-1.344842E-03	1.964390E-04	)	)
(	102.2 	(	1.427456E-03	-1.283807E-03	2.057158E-04	)	)
(	102.3 	(	1.418738E-03	-1.221284E-03	2.149273E-04	)	)
(	102.4 	(	1.409289E-03	-1.157289E-03	2.240679E-04	)	)
(	102.5 	(	1.399117E-03	-1.091837E-03	2.331321E-04	)	)
(	102.6 	(	1.388226E-03	-1.024946E-03	2.421143E-04	)	)
(	102.7 	(	1.376625E-03	-9.566330E-04	2.510091E-04	)	)
(	102.8 	(	1.364321E-03	-8.869175E-04	2.598110E-04	)	)
(	102.9 	(	1.351322E-03	-8.158182E-04	2.685148E-04	)	)
(	103.0 	(	1.337636E-03	-7.433550E-04	2.771150E-04	)	)
(	103.1 	(	1.323273E-03	-6.695483E-04	2.856066E-04	)	)
(	103.2 	(	1.308242E-03	-5.944192E-04	2.939843E-04	)	)
(	103.3 	(	1.292554E-03	-5.179894E-04	3.022429E-04	)	)
(	103.4 	(	1.276220E-03	-4.402814E-04	3.103776E-04	)	)
(	103.5 	(	1.259251E-03	-3.613180E-04	3.183833E-04	)	)
(	103.6 	(	1.241658E-03	-2.811229E-04	3.262553E-04	)	)
(	103.7 	(	1.223455E-03	-1.997203E-04	3.339886E-04	)	)
(	103.8 	(	1.204654E-03	-1.171350E-04	3.415787E-04	)	)
(	103.9 	(	1.185269E-03	-3.339236E-05	3.490210E-04	)	)
(	104.0 	(	1.165314E-03	5.148175E-05	3.563108E-04	)	)
(	104.1 	(	1.144802E-03	1.374608E-04	3.634440E-04	)	)
(	104.2 	(	1.123749E-03	2.245177E-04	3.704160E-04	)	)
(	104.3 	(	1.102170E-03	3.126248E-04	3.772229E-04	)	)
(	104.4 	(	1.080081E-03	4.017541E-04	3.838604E-04	)	)
(	104.5 	(	1.057497E-03	4.918769E-04	3.903247E-04	)	)
(	104.6 	(	1.034436E-03	5.829641E-04	3.966118E-04	)	)
(	104.7 	(	1.010915E-03	6.749859E-04	4.027180E-04	)	)
(	104.8 	(	9.869505E-04	7.679123E-04	4.086398E-04	)	)
(	104.9 	(	9.625605E-04	8.617126E-04	4.143736E-04	)	)
(	105.0 	(	9.377634E-04	9.563557E-04	4.199160E-04	)	)
(	105.1 	(	9.125775E-04	1.051810E-03	4.252639E-04	)	)
(	105.2 	(	8.870216E-04	1.148044E-03	4.304141E-04	)	)
(	105.3 	(	8.611149E-04	1.245025E-03	4.353636E-04	)	)
(	105.4 	(	8.348770E-04	1.342720E-03	4.401096E-04	)	)
(	105.5 	(	8.083274E-04	1.441095E-03	4.446495E-04	)	)
(	105.6 	(	7.814863E-04	1.540119E-03	4.489807E-04	)	)
(	105.7 	(	7.543740E-04	1.639755E-03	4.531006E-04	)	)
(	105.8 	(	7.270111E-04	1.739971E-03	4.570072E-04	)	)
(	105.9 	(	6.994183E-04	1.840731E-03	4.606983E-04	)	)
(	106.0 	(	6.716166E-04	1.942000E-03	4.641718E-04	)	)
(	106.1 	(	6.436272E-04	2.043743E-03	4.674260E-04	)	)
(	106.2 	(	6.154716E-04	2.145925E-03	4.704591E-04	)	)
(	106.3 	(	5.871713E-04	2.248509E-03	4.732698E-04	)	)
(	106.4 	(	5.587480E-04	2.351459E-03	4.758566E-04	)	)
(	106.5 	(	5.302237E-04	2.454739E-03	4.782182E-04	)	)
(	106.6 	(	5.016202E-04	2.558312E-03	4.803537E-04	)	)
(	106.7 	(	4.729596E-04	2.662141E-03	4.822621E-04	)	)
(	106.8 	(	4.442642E-04	2.766188E-03	4.839428E-04	)	)
(	106.9 	(	4.155560E-04	2.870418E-03	4.853950E-04	)	)
(	107.0 	(	3.868575E-04	2.974791E-03	4.866185E-04	)	)
(	107.1 	(	3.581909E-04	3.079270E-03	4.876129E-04	)	)
(	107.2 	(	3.295786E-04	3.183817E-03	4.883782E-04	)	)
(	107.3 	(	3.010428E-04	3.288394E-03	4.889144E-04	)	)
(	107.4 	(	2.726058E-04	3.392964E-03	4.892217E-04	)	)
(	107.5 	(	2.442900E-04	3.497486E-03	4.893005E-04	)	)
(	107.6 	(	2.161175E-04	3.601924E-03	4.891514E-04	)	)
(	107.7 	(	1.881104E-04	3.706238E-03	4.887751E-04	)	)
(	107.8 	(	1.602909E-04	3.810391E-03	4.881724E-04	)	)
(	107.9 	(	1.326807E-04	3.914343E-03	4.873444E-04	)	)
(	108.0 	(	1.053018E-04	4.018055E-03	4.862923E-04	)	)
(	108.1 	(	7.817578E-05	4.121490E-03	4.850174E-04	)	)
(	108.2 	(	5.132411E-05	4.224607E-03	4.835212E-04	)	)
(	108.3 	(	2.476813E-05	4.327369E-03	4.818054E-04	)	)
(	108.4 	(	-1.471046E-06	4.429737E-03	4.798718E-04	)	)
(	108.5 	(	-2.737250E-05	4.531673E-03	4.777224E-04	)	)
(	108.6 	(	-5.291556E-05	4.633136E-03	4.753594E-04	)	)
(	108.7 	(	-7.807980E-05	4.734090E-03	4.727849E-04	)	)
(	108.8 	(	-1.028450E-04	4.834495E-03	4.700016E-04	)	)
(	108.9 	(	-1.271914E-04	4.934313E-03	4.670118E-04	)	)
(	109.0 	(	-1.510993E-04	5.033507E-03	4.638185E-04	)	)
(	109.1 	(	-1.745495E-04	5.132037E-03	4.604245E-04	)	)
(	109.2 	(	-1.975229E-04	5.229865E-03	4.568328E-04	)	)
(	109.3 	(	-2.200011E-04	5.326955E-03	4.530466E-04	)	)
(	109.4 	(	-2.419657E-04	5.423267E-03	4.490693E-04	)	)
(	109.5 	(	-2.633989E-04	5.518766E-03	4.449042E-04	)	)
(	109.6 	(	-2.842832E-04	5.613413E-03	4.405550E-04	)	)
(	109.7 	(	-3.046015E-04	5.707171E-03	4.360254E-04	)	)
(	109.8 	(	-3.243372E-04	5.800004E-03	4.313193E-04	)	)
(	109.9 	(	-3.434740E-04	5.891875E-03	4.264407E-04	)	)
(	110.0 	(	-3.619961E-04	5.982748E-03	4.213938E-04	)	)
(	110.1 	(	-3.798882E-04	6.072586E-03	4.161826E-04	)	)
(	110.2 	(	-3.971355E-04	6.161354E-03	4.108117E-04	)	)
(	110.3 	(	-4.137235E-04	6.249016E-03	4.052856E-04	)	)
(	110.4 	(	-4.296385E-04	6.335537E-03	3.996087E-04	)	)
(	110.5 	(	-4.448670E-04	6.420883E-03	3.937859E-04	)	)
(	110.6 	(	-4.593962E-04	6.505019E-03	3.878220E-04	)	)
(	110.7 	(	-4.732138E-04	6.587910E-03	3.817219E-04	)	)
(	110.8 	(	-4.863079E-04	6.669523E-03	3.754906E-04	)	)
(	110.9 	(	-4.986674E-04	6.749825E-03	3.691334E-04	)	)
(	111.0 	(	-5.102817E-04	6.828783E-03	3.626553E-04	)	)
(	111.1 	(	-5.211405E-04	6.906364E-03	3.560618E-04	)	)
(	111.2 	(	-5.312345E-04	6.982536E-03	3.493583E-04	)	)
(	111.3 	(	-5.405546E-04	7.057267E-03	3.425503E-04	)	)
(	111.4 	(	-5.490926E-04	7.130527E-03	3.356433E-04	)	)
(	111.5 	(	-5.568407E-04	7.202284E-03	3.286431E-04	)	)
(	111.6 	(	-5.637918E-04	7.272507E-03	3.215553E-04	)	)
(	111.7 	(	-5.699395E-04	7.341168E-03	3.143857E-04	)	)
(	111.8 	(	-5.752778E-04	7.408237E-03	3.071404E-04	)	)
(	111.9 	(	-5.798015E-04	7.473685E-03	2.998250E-04	)	)
(	112.0 	(	-5.835060E-04	7.537483E-03	2.924458E-04	)	)
(	112.1 	(	-5.863874E-04	7.599605E-03	2.850086E-04	)	)
(	112.2 	(	-5.884423E-04	7.660022E-03	2.775197E-04	)	)
(	112.3 	(	-5.896680E-04	7.718709E-03	2.699851E-04	)	)
(	112.4 	(	-5.900626E-04	7.775638E-03	2.624110E-04	)	)
(	112.5 	(	-5.896247E-04	7.830785E-03	2.548036E-04	)	)
(	112.6 	(	-5.883535E-04	7.884125E-03	2.471692E-04	)	)
(	112.7 	(	-5.862490E-04	7.935633E-03	2.395141E-04	)	)
(	112.8 	(	-5.833118E-04	7.985286E-03	2.318445E-04	)	)
(	112.9 	(	-5.795432E-04	8.033060E-03	2.241669E-04	)	)
(	113.0 	(	-5.749451E-04	8.078933E-03	2.164874E-04	)	)
(	113.1 	(	-5.695200E-04	8.122883E-03	2.088125E-04	)	)
(	113.2 	(	-5.632713E-04	8.164889E-03	2.011484E-04	)	)
(	113.3 	(	-5.562029E-04	8.204931E-03	1.935016E-04	)	)
(	113.4 	(	-5.483192E-04	8.242988E-03	1.858784E-04	)	)
(	113.5 	(	-5.396255E-04	8.279041E-03	1.782851E-04	)	)
(	113.6 	(	-5.301277E-04	8.313072E-03	1.707281E-04	)	)
(	113.7 	(	-5.198322E-04	8.345062E-03	1.632136E-04	)	)
(	113.8 	(	-5.087463E-04	8.374995E-03	1.557479E-04	)	)
(	113.9 	(	-4.968777E-04	8.402855E-03	1.483373E-04	)	)
(	114.0 	(	-4.842347E-04	8.428625E-03	1.409881E-04	)	)
(	114.1 	(	-4.708266E-04	8.452290E-03	1.337063E-04	)	)
(	114.2 	(	-4.566628E-04	8.473836E-03	1.264982E-04	)	)
(	114.3 	(	-4.417538E-04	8.493249E-03	1.193698E-04	)	)
(	114.4 	(	-4.261103E-04	8.510517E-03	1.123273E-04	)	)
(	114.5 	(	-4.097440E-04	8.525627E-03	1.053765E-04	)	)
(	114.6 	(	-3.926668E-04	8.538567E-03	9.852357E-05	)	)
(	114.7 	(	-3.748915E-04	8.549328E-03	9.177424E-05	)	)
(	114.8 	(	-3.564312E-04	8.557899E-03	8.513437E-05	)	)
(	114.9 	(	-3.372998E-04	8.564271E-03	7.860971E-05	)	)
(	115.0 	(	-3.175116E-04	8.568436E-03	7.220592E-05	)	)
(	115.1 	(	-2.970815E-04	8.570386E-03	6.592861E-05	)	)
(	115.2 	(	-2.760250E-04	8.570113E-03	5.978329E-05	)	)
(	115.3 	(	-2.543580E-04	8.567613E-03	5.377536E-05	)	)
(	115.4 	(	-2.320970E-04	8.562878E-03	4.791017E-05	)	)
(	115.5 	(	-2.092590E-04	8.555906E-03	4.219295E-05	)	)
(	115.6 	(	-1.858614E-04	8.546692E-03	3.662884E-05	)	)
(	115.7 	(	-1.619221E-04	8.535233E-03	3.122287E-05	)	)
(	115.8 	(	-1.374595E-04	8.521526E-03	2.597997E-05	)	)
(	115.9 	(	-1.124925E-04	8.505571E-03	2.090496E-05	)	)
(	116.0 	(	-8.704032E-05	8.487366E-03	1.600253E-05	)	)
(	116.1 	(	-6.112260E-05	8.466911E-03	1.127728E-05	)	)
(	116.2 	(	-3.475946E-05	8.444208E-03	6.733668E-06	)	)
(	116.3 	(	-7.971362E-06	8.419258E-03	2.376033E-06	)	)
(	116.4 	(	1.922085E-05	8.392063E-03	-1.791412E-06	)	)
(	116.5 	(	4.679599E-05	8.362627E-03	-5.764587E-06	)	)
(	116.6 	(	7.473251E-05	8.330953E-03	-9.539544E-06	)	)
(	116.7 	(	1.030086E-04	8.297047E-03	-1.311247E-05	)	)
(	116.8 	(	1.316020E-04	8.260913E-03	-1.647971E-05	)	)
(	116.9 	(	1.604903E-04	8.222558E-03	-1.963772E-05	)	)
(	117.0 	(	1.896508E-04	8.181989E-03	-2.258312E-05	)	)
(	117.1 	(	2.190605E-04	8.139214E-03	-2.531269E-05	)	)
(	117.2 	(	2.486961E-04	8.094241E-03	-2.782335E-05	)	)
(	117.3 	(	2.785343E-04	8.047081E-03	-3.011216E-05	)	)
(	117.4 	(	3.085514E-04	7.997741E-03	-3.217635E-05	)	)
(	117.5 	(	3.387236E-04	7.946235E-03	-3.401331E-05	)	)
(	117.6 	(	3.690269E-04	7.892573E-03	-3.562059E-05	)	)
(	117.7 	(	3.994371E-04	7.836768E-03	-3.699590E-05	)	)
(	117.8 	(	4.299300E-04	7.778832E-03	-3.813710E-05	)	)
(	117.9 	(	4.604813E-04	7.718780E-03	-3.904225E-05	)	)
(	118.0 	(	4.910665E-04	7.656626E-03	-3.970954E-05	)	)
(	118.1 	(	5.216610E-04	7.592386E-03	-4.013735E-05	)	)
(	118.2 	(	5.522403E-04	7.526076E-03	-4.032422E-05	)	)
(	118.3 	(	5.827799E-04	7.457711E-03	-4.026889E-05	)	)
(	118.4 	(	6.132549E-04	7.387310E-03	-3.997024E-05	)	)
(	118.5 	(	6.436410E-04	7.314892E-03	-3.942733E-05	)	)
(	118.6 	(	6.739134E-04	7.240474E-03	-3.863941E-05	)	)
(	118.7 	(	7.040477E-04	7.164076E-03	-3.760590E-05	)	)
(	118.8 	(	7.340194E-04	7.085719E-03	-3.632640E-05	)	)
(	118.9 	(	7.638041E-04	7.005424E-03	-3.480067E-05	)	)
(	119.0 	(	7.933776E-04	6.923211E-03	-3.302867E-05	)	)
(	119.1 	(	8.227156E-04	6.839104E-03	-3.101052E-05	)	)
(	119.2 	(	8.517942E-04	6.753125E-03	-2.874654E-05	)	)
(	119.3 	(	8.805895E-04	6.665298E-03	-2.623722E-05	)	)
(	119.4 	(	9.090780E-04	6.575647E-03	-2.348321E-05	)	)
(	119.5 	(	9.372360E-04	6.484197E-03	-2.048537E-05	)	)
(	119.6 	(	9.650404E-04	6.390973E-03	-1.724471E-05	)	)
(	119.7 	(	9.924682E-04	6.296001E-03	-1.376245E-05	)	)
(	119.8 	(	1.019497E-03	6.199308E-03	-1.003994E-05	)	)
(	119.9 	(	1.046103E-03	6.100922E-03	-6.078760E-06	)	)
(	120.0 	(	1.072266E-03	6.000869E-03	-1.880630E-06	)	)
(	120.1 	(	1.097963E-03	5.899179E-03	2.552544E-06	)	)
(	120.2 	(	1.123172E-03	5.795880E-03	7.218680E-06	)	)
(	120.3 	(	1.147873E-03	5.691002E-03	1.211553E-05	)	)
(	120.4 	(	1.172044E-03	5.584575E-03	1.724066E-05	)	)
(	120.5 	(	1.195665E-03	5.476629E-03	2.259148E-05	)	)
(	120.6 	(	1.218717E-03	5.367196E-03	2.816523E-05	)	)
(	120.7 	(	1.241179E-03	5.256306E-03	3.395898E-05	)	)
(	120.8 	(	1.263033E-03	5.143993E-03	3.996963E-05	)	)
(	120.9 	(	1.284259E-03	5.030289E-03	4.619392E-05	)	)
(	121.0 	(	1.304839E-03	4.915226E-03	5.262844E-05	)	)
(	121.1 	(	1.324755E-03	4.798839E-03	5.926961E-05	)	)
(	121.2 	(	1.343991E-03	4.681161E-03	6.611368E-05	)	)
(	121.3 	(	1.362529E-03	4.562226E-03	7.315677E-05	)	)
(	121.4 	(	1.380354E-03	4.442070E-03	8.039484E-05	)	)
(	121.5 	(	1.397448E-03	4.320727E-03	8.782369E-05	)	)
(	121.6 	(	1.413798E-03	4.198233E-03	9.543899E-05	)	)
(	121.7 	(	1.429388E-03	4.074624E-03	1.032363E-04	)	)
(	121.8 	(	1.444204E-03	3.949937E-03	1.112109E-04	)	)
(	121.9 	(	1.458233E-03	3.824207E-03	1.193580E-04	)	)
(	122.0 	(	1.471463E-03	3.697473E-03	1.276729E-04	)	)
(	122.1 	(	1.483880E-03	3.569771E-03	1.361504E-04	)	)
(	122.2 	(	1.495473E-03	3.441139E-03	1.447854E-04	)	)
(	122.3 	(	1.506231E-03	3.311615E-03	1.535727E-04	)	)
(	122.4 	(	1.516144E-03	3.181238E-03	1.625067E-04	)	)
(	122.5 	(	1.525201E-03	3.050045E-03	1.715821E-04	)	)
(	122.6 	(	1.533395E-03	2.918076E-03	1.807931E-04	)	)
(	122.7 	(	1.540716E-03	2.785370E-03	1.901340E-04	)	)
(	122.8 	(	1.547156E-03	2.651966E-03	1.995989E-04	)	)
(	122.9 	(	1.552709E-03	2.517903E-03	2.091820E-04	)	)
(	123.0 	(	1.557368E-03	2.383221E-03	2.188772E-04	)	)
(	123.1 	(	1.561128E-03	2.247960E-03	2.286782E-04	)	)
(	123.2 	(	1.563983E-03	2.112161E-03	2.385789E-04	)	)
(	123.3 	(	1.565930E-03	1.975862E-03	2.485730E-04	)	)
(	123.4 	(	1.566964E-03	1.839105E-03	2.586540E-04	)	)
(	123.5 	(	1.567082E-03	1.701930E-03	2.688155E-04	)	)
(	123.6 	(	1.566284E-03	1.564378E-03	2.790509E-04	)	)
(	123.7 	(	1.564566E-03	1.426489E-03	2.893536E-04	)	)
(	123.8 	(	1.561929E-03	1.288304E-03	2.997169E-04	)	)
(	123.9 	(	1.558372E-03	1.149864E-03	3.101341E-04	)	)
(	124.0 	(	1.553897E-03	1.011209E-03	3.205983E-04	)	)
(	124.1 	(	1.548504E-03	8.723817E-04	3.311027E-04	)	)
(	124.2 	(	1.542196E-03	7.334218E-04	3.416404E-04	)	)
(	124.3 	(	1.534975E-03	5.943706E-04	3.522045E-04	)	)
(	124.4 	(	1.526846E-03	4.552691E-04	3.627880E-04	)	)
(	124.5 	(	1.517813E-03	3.161581E-04	3.733839E-04	)	)
(	124.6 	(	1.507880E-03	1.770786E-04	3.839852E-04	)	)
(	124.7 	(	1.497054E-03	3.807152E-05	3.945849E-04	)	)
(	124.8 	(	1.485340E-03	-1.008224E-04	4.051758E-04	)	)
(	124.9 	(	1.472747E-03	-2.395624E-04	4.157509E-04	)	)
(	125.0 	(	1.459282E-03	-3.781078E-04	4.263031E-04	)	)
(	125.1 	(	1.444954E-03	-5.164181E-04	4.368254E-04	)	)
(	125.2 	(	1.429771E-03	-6.544529E-04	4.473106E-04	)	)
(	125.3 	(	1.413744E-03	-7.921719E-04	4.577518E-04	)	)
(	125.4 	(	1.396884E-03	-9.295349E-04	4.681417E-04	)	)
(	125.5 	(	1.379202E-03	-1.066502E-03	4.784735E-04	)	)
(	125.6 	(	1.360710E-03	-1.203034E-03	4.887401E-04	)	)
(	125.7 	(	1.341420E-03	-1.339090E-03	4.989345E-04	)	)
(	125.8 	(	1.321346E-03	-1.474631E-03	5.090498E-04	)	)
(	125.9 	(	1.300502E-03	-1.609619E-03	5.190791E-04	)	)
(	126.0 	(	1.278901E-03	-1.744014E-03	5.290154E-04	)	)
(	126.1 	(	1.256561E-03	-1.877777E-03	5.388520E-04	)	)
(	126.2 	(	1.233495E-03	-2.010870E-03	5.485822E-04	)	)
(	126.3 	(	1.209722E-03	-2.143255E-03	5.581992E-04	)	)
(	126.4 	(	1.185256E-03	-2.274895E-03	5.676964E-04	)	)
(	126.5 	(	1.160117E-03	-2.405750E-03	5.770672E-04	)	)
(	126.6 	(	1.134322E-03	-2.535785E-03	5.863051E-04	)	)
(	126.7 	(	1.107890E-03	-2.664962E-03	5.954037E-04	)	)
(	126.8 	(	1.080839E-03	-2.793245E-03	6.043567E-04	)	)
(	126.9 	(	1.053191E-03	-2.920597E-03	6.131577E-04	)	)
(	127.0 	(	1.024964E-03	-3.046982E-03	6.218008E-04	)	)
(	127.1 	(	9.961790E-04	-3.172366E-03	6.302797E-04	)	)
(	127.2 	(	9.668579E-04	-3.296712E-03	6.385885E-04	)	)
(	127.3 	(	9.370218E-04	-3.419986E-03	6.467214E-04	)	)
(	127.4 	(	9.066929E-04	-3.542154E-03	6.546726E-04	)	)
(	127.5 	(	8.758936E-04	-3.663182E-03	6.624365E-04	)	)
(	127.6 	(	8.446466E-04	-3.783037E-03	6.700075E-04	)	)
(	127.7 	(	8.129752E-04	-3.901685E-03	6.773803E-04	)	)
(	127.8 	(	7.809031E-04	-4.019094E-03	6.845496E-04	)	)
(	127.9 	(	7.484540E-04	-4.135231E-03	6.915103E-04	)	)
(	128.0 	(	7.156524E-04	-4.250066E-03	6.982573E-04	)	)
(	128.1 	(	6.825228E-04	-4.363567E-03	7.047857E-04	)	)
(	128.2 	(	6.490901E-04	-4.475704E-03	7.110909E-04	)	)
(	128.3 	(	6.153795E-04	-4.586445E-03	7.171682E-04	)	)
(	128.4 	(	5.814163E-04	-4.695763E-03	7.230132E-04	)	)
(	128.5 	(	5.472262E-04	-4.803627E-03	7.286216E-04	)	)
(	128.6 	(	5.128351E-04	-4.910010E-03	7.339893E-04	)	)
(	128.7 	(	4.782691E-04	-5.014883E-03	7.391123E-04	)	)
(	128.8 	(	4.435543E-04	-5.118218E-03	7.439867E-04	)	)
(	128.9 	(	4.087173E-04	-5.219990E-03	7.486090E-04	)	)
(	129.0 	(	3.737844E-04	-5.320171E-03	7.529756E-04	)	)
(	129.1 	(	3.387824E-04	-5.418737E-03	7.570833E-04	)	)
(	129.2 	(	3.037381E-04	-5.515661E-03	7.609288E-04	)	)
(	129.3 	(	2.686781E-04	-5.610920E-03	7.645092E-04	)	)
(	129.4 	(	2.336294E-04	-5.704489E-03	7.678217E-04	)	)
(	129.5 	(	1.986188E-04	-5.796345E-03	7.708636E-04	)	)
(	129.6 	(	1.636734E-04	-5.886466E-03	7.736326E-04	)	)
(	129.7 	(	1.288199E-04	-5.974830E-03	7.761264E-04	)	)
(	129.8 	(	9.408520E-05	-6.061415E-03	7.783429E-04	)	)
(	129.9 	(	5.949613E-05	-6.146200E-03	7.802802E-04	)	)
(	130.0 	(	2.507942E-05	-6.229166E-03	7.819366E-04	)	)
(	130.1 	(	-9.138317E-06	-6.310292E-03	7.833106E-04	)	)
(	130.2 	(	-4.313056E-05	-6.389561E-03	7.844009E-04	)	)
(	130.3 	(	-7.687095E-05	-6.466953E-03	7.852064E-04	)	)
(	130.4 	(	-1.103333E-04	-6.542452E-03	7.857261E-04	)	)
(	130.5 	(	-1.434915E-04	-6.616040E-03	7.859593E-04	)	)
(	130.6 	(	-1.763197E-04	-6.687702E-03	7.859055E-04	)	)
(	130.7 	(	-2.087924E-04	-6.757423E-03	7.855642E-04	)	)
(	130.8 	(	-2.408842E-04	-6.825186E-03	7.849354E-04	)	)
(	130.9 	(	-2.725700E-04	-6.890979E-03	7.840191E-04	)	)
(	131.0 	(	-3.038250E-04	-6.954788E-03	7.828155E-04	)	)
(	131.1 	(	-3.346246E-04	-7.016600E-03	7.813251E-04	)	)
(	131.2 	(	-3.649447E-04	-7.076403E-03	7.795484E-04	)	)
(	131.3 	(	-3.947615E-04	-7.134187E-03	7.774864E-04	)	)
(	131.4 	(	-4.240513E-04	-7.189940E-03	7.751400E-04	)	)
(	131.5 	(	-4.527912E-04	-7.243652E-03	7.725104E-04	)	)
(	131.6 	(	-4.809585E-04	-7.295316E-03	7.695992E-04	)	)
(	131.7 	(	-5.085308E-04	-7.344921E-03	7.664078E-04	)	)
(	131.8 	(	-5.354862E-04	-7.392460E-03	7.629381E-04	)	)
(	131.9 	(	-5.618035E-04	-7.437927E-03	7.591921E-04	)	)
(	132.0 	(	-5.874617E-04	-7.481315E-03	7.551720E-04	)	)
(	132.1 	(	-6.124404E-04	-7.522619E-03	7.508801E-04	)	)
(	132.2 	(	-6.367196E-04	-7.561833E-03	7.463191E-04	)	)
(	132.3 	(	-6.602799E-04	-7.598954E-03	7.414916E-04	)	)
(	132.4 	(	-6.831025E-04	-7.633977E-03	7.364006E-04	)	)
(	132.5 	(	-7.051690E-04	-7.666901E-03	7.310493E-04	)	)
(	132.6 	(	-7.264618E-04	-7.697723E-03	7.254409E-04	)	)
(	132.7 	(	-7.469637E-04	-7.726442E-03	7.195789E-04	)	)
(	132.8 	(	-7.666581E-04	-7.753058E-03	7.134669E-04	)	)
(	132.9 	(	-7.855291E-04	-7.777570E-03	7.071089E-04	)	)
(	133.0 	(	-8.035613E-04	-7.799979E-03	7.005089E-04	)	)
(	133.1 	(	-8.207401E-04	-7.820287E-03	6.936709E-04	)	)
(	133.2 	(	-8.370516E-04	-7.838497E-03	6.865994E-04	)	)
(	133.3 	(	-8.524822E-04	-7.854610E-03	6.792988E-04	)	)
(	133.4 	(	-8.670193E-04	-7.868631E-03	6.717739E-04	)	)
(	133.5 	(	-8.806510E-04	-7.880563E-03	6.640295E-04	)	)
(	133.6 	(	-8.933660E-04	-7.890413E-03	6.560705E-04	)	)
(	133.7 	(	-9.051535E-04	-7.898185E-03	6.479021E-04	)	)
(	133.8 	(	-9.160039E-04	-7.903886E-03	6.395295E-04	)	)
(	133.9 	(	-9.259078E-04	-7.907523E-03	6.309583E-04	)	)
(	134.0 	(	-9.348570E-04	-7.909104E-03	6.221940E-04	)	)
(	134.1 	(	-9.428437E-04	-7.908637E-03	6.132423E-04	)	)
(	134.2 	(	-9.498610E-04	-7.906131E-03	6.041090E-04	)	)
(	134.3 	(	-9.559027E-04	-7.901596E-03	5.948002E-04	)	)
(	134.4 	(	-9.609635E-04	-7.895042E-03	5.853219E-04	)	)
(	134.5 	(	-9.650386E-04	-7.886481E-03	5.756803E-04	)	)
(	134.6 	(	-9.681242E-04	-7.875923E-03	5.658818E-04	)	)
(	134.7 	(	-9.702172E-04	-7.863381E-03	5.559329E-04	)	)
(	134.8 	(	-9.713153E-04	-7.848868E-03	5.458400E-04	)	)
(	134.9 	(	-9.714169E-04	-7.832397E-03	5.356100E-04	)	)
(	135.0 	(	-9.705214E-04	-7.813983E-03	5.252495E-04	)	)
(	135.1 	(	-9.686286E-04	-7.793641E-03	5.147654E-04	)	)
(	135.2 	(	-9.657395E-04	-7.771385E-03	5.041646E-04	)	)
(	135.3 	(	-9.618556E-04	-7.747231E-03	4.934543E-04	)	)
(	135.4 	(	-9.569794E-04	-7.721197E-03	4.826414E-04	)	)
(	135.5 	(	-9.511140E-04	-7.693299E-03	4.717333E-04	)	)
(	135.6 	(	-9.442634E-04	-7.663554E-03	4.607372E-04	)	)
(	135.7 	(	-9.364323E-04	-7.631982E-03	4.496603E-04	)	)
(	135.8 	(	-9.276263E-04	-7.598600E-03	4.385102E-04	)	)
(	135.9 	(	-9.178517E-04	-7.563429E-03	4.272943E-04	)	)
(	136.0 	(	-9.071155E-04	-7.526487E-03	4.160199E-04	)	)
(	136.1 	(	-8.954256E-04	-7.487796E-03	4.046948E-04	)	)
(	136.2 	(	-8.827906E-04	-7.447376E-03	3.933265E-04	)	)
(	136.3 	(	-8.692199E-04	-7.405248E-03	3.819225E-04	)	)
(	136.4 	(	-8.547237E-04	-7.361434E-03	3.704907E-04	)	)
(	136.5 	(	-8.393127E-04	-7.315958E-03	3.590385E-04	)	)
(	136.6 	(	-8.229986E-04	-7.268840E-03	3.475737E-04	)	)
(	136.7 	(	-8.057937E-04	-7.220106E-03	3.361041E-04	)	)
(	136.8 	(	-7.877111E-04	-7.169778E-03	3.246373E-04	)	)
(	136.9 	(	-7.687645E-04	-7.117881E-03	3.131810E-04	)	)
(	137.0 	(	-7.489685E-04	-7.064439E-03	3.017430E-04	)	)
(	137.1 	(	-7.283381E-04	-7.009478E-03	2.903309E-04	)	)
(	137.2 	(	-7.068893E-04	-6.953023E-03	2.789525E-04	)	)
(	137.3 	(	-6.846385E-04	-6.895099E-03	2.676154E-04	)	)
(	137.4 	(	-6.616029E-04	-6.835734E-03	2.563272E-04	)	)
(	137.5 	(	-6.378004E-04	-6.774953E-03	2.450956E-04	)	)
(	137.6 	(	-6.132492E-04	-6.712784E-03	2.339281E-04	)	)
(	137.7 	(	-5.879686E-04	-6.649254E-03	2.228324E-04	)	)
(	137.8 	(	-5.619782E-04	-6.584391E-03	2.118158E-04	)	)
(	137.9 	(	-5.352982E-04	-6.518222E-03	2.008857E-04	)	)
(	138.0 	(	-5.079495E-04	-6.450777E-03	1.900497E-04	)	)
(	138.1 	(	-4.799534E-04	-6.382083E-03	1.793150E-04	)	)
(	138.2 	(	-4.513319E-04	-6.312170E-03	1.686888E-04	)	)
(	138.3 	(	-4.221074E-04	-6.241067E-03	1.581784E-04	)	)
(	138.4 	(	-3.923028E-04	-6.168804E-03	1.477907E-04	)	)
(	138.5 	(	-3.619417E-04	-6.095410E-03	1.375330E-04	)	)
(	138.6 	(	-3.310480E-04	-6.020916E-03	1.274119E-04	)	)
(	138.7 	(	-2.996460E-04	-5.945351E-03	1.174345E-04	)	)
(	138.8 	(	-2.677605E-04	-5.868746E-03	1.076074E-04	)	)
(	138.9 	(	-2.354168E-04	-5.791132E-03	9.793725E-05	)	)
(	139.0 	(	-2.026405E-04	-5.712540E-03	8.843058E-05	)	)
(	139.1 	(	-1.694576E-04	-5.633001E-03	7.909381E-05	)	)
(	139.2 	(	-1.358945E-04	-5.552546E-03	6.993321E-05	)	)
(	139.3 	(	-1.019779E-04	-5.471207E-03	6.095496E-05	)	)
(	139.4 	(	-6.773479E-05	-5.389015E-03	5.216511E-05	)	)
(	139.5 	(	-3.319252E-05	-5.306002E-03	4.356956E-05	)	)
(	139.6 	(	1.621320E-06	-5.222200E-03	3.517408E-05	)	)
(	139.7 	(	3.667888E-05	-5.137640E-03	2.698432E-05	)	)
(	139.8 	(	7.195208E-05	-5.052355E-03	1.900577E-05	)	)
(	139.9 	(	1.074126E-04	-4.966378E-03	1.124376E-05	)	)
(	140.0 	(	1.430320E-04	-4.879739E-03	3.703488E-06	)	)
(	140.1 	(	1.787816E-04	-4.792472E-03	-3.610009E-06	)	)
(	140.2 	(	2.146327E-04	-4.704609E-03	-1.069186E-05	)	)
(	140.3 	(	2.505562E-04	-4.616183E-03	-1.753734E-05	)	)
(	140.4 	(	2.865232E-04	-4.527224E-03	-2.414193E-05	)	)
(	140.5 	(	3.225047E-04	-4.437767E-03	-3.050123E-05	)	)
(	140.6 	(	3.584713E-04	-4.347844E-03	-3.661105E-05	)	)
(	140.7 	(	3.943941E-04	-4.257486E-03	-4.246737E-05	)	)
(	140.8 	(	4.302437E-04	-4.166727E-03	-4.806635E-05	)	)
(	140.9 	(	4.659911E-04	-4.075598E-03	-5.340431E-05	)	)
(	141.0 	(	5.016070E-04	-3.984132E-03	-5.847780E-05	)	)
(	141.1 	(	5.370625E-04	-3.892361E-03	-6.328351E-05	)	)
(	141.2 	(	5.723285E-04	-3.800318E-03	-6.781837E-05	)	)
(	141.3 	(	6.073761E-04	-3.708034E-03	-7.207946E-05	)	)
(	141.4 	(	6.421767E-04	-3.615541E-03	-7.606408E-05	)	)
(	141.5 	(	6.767015E-04	-3.522872E-03	-7.976973E-05	)	)
(	141.6 	(	7.109223E-04	-3.430058E-03	-8.319409E-05	)	)
(	141.7 	(	7.448107E-04	-3.337130E-03	-8.633507E-05	)	)
(	141.8 	(	7.783388E-04	-3.244120E-03	-8.919075E-05	)	)
(	141.9 	(	8.114788E-04	-3.151060E-03	-9.175946E-05	)	)
(	142.0 	(	8.442032E-04	-3.057980E-03	-9.403969E-05	)	)
(	142.1 	(	8.764849E-04	-2.964912E-03	-9.603016E-05	)	)
(	142.2 	(	9.082968E-04	-2.871886E-03	-9.772981E-05	)	)
(	142.3 	(	9.396125E-04	-2.778933E-03	-9.913778E-05	)	)
(	142.4 	(	9.704058E-04	-2.686083E-03	-1.002534E-04	)	)
(	142.5 	(	1.000651E-03	-2.593367E-03	-1.010763E-04	)	)
(	142.6 	(	1.030322E-03	-2.500814E-03	-1.016061E-04	)	)
(	142.7 	(	1.059394E-03	-2.408454E-03	-1.018430E-04	)	)
(	142.8 	(	1.087843E-03	-2.316316E-03	-1.017870E-04	)	)
(	142.9 	(	1.115645E-03	-2.224430E-03	-1.014387E-04	)	)
(	143.0 	(	1.142775E-03	-2.132824E-03	-1.007986E-04	)	)
(	143.1 	(	1.169211E-03	-2.041528E-03	-9.986757E-05	)	)
(	143.2 	(	1.194930E-03	-1.950568E-03	-9.864668E-05	)	)
(	143.3 	(	1.219910E-03	-1.859974E-03	-9.713721E-05	)	)
(	143.4 	(	1.244130E-03	-1.769773E-03	-9.534061E-05	)	)
(	143.5 	(	1.267567E-03	-1.679993E-03	-9.325860E-05	)	)
(	143.6 	(	1.290203E-03	-1.590660E-03	-9.089307E-05	)	)
(	143.7 	(	1.312016E-03	-1.501801E-03	-8.824612E-05	)	)
(	143.8 	(	1.332988E-03	-1.413442E-03	-8.532009E-05	)	)
(	143.9 	(	1.353101E-03	-1.325610E-03	-8.211749E-05	)	)
(	144.0 	(	1.372336E-03	-1.238330E-03	-7.864106E-05	)	)
(	144.1 	(	1.390676E-03	-1.151627E-03	-7.489373E-05	)	)
(	144.2 	(	1.408104E-03	-1.065526E-03	-7.087865E-05	)	)
(	144.3 	(	1.424605E-03	-9.800522E-04	-6.659913E-05	)	)
(	144.4 	(	1.440164E-03	-8.952288E-04	-6.205872E-05	)	)
(	144.5 	(	1.454765E-03	-8.110798E-04	-5.726115E-05	)	)
(	144.6 	(	1.468396E-03	-7.276284E-04	-5.221034E-05	)	)
(	144.7 	(	1.481044E-03	-6.448973E-04	-4.691040E-05	)	)
(	144.8 	(	1.492695E-03	-5.629091E-04	-4.136564E-05	)	)
(	144.9 	(	1.503339E-03	-4.816857E-04	-3.558053E-05	)	)
(	145.0 	(	1.512964E-03	-4.012487E-04	-2.955975E-05	)	)
(	145.1 	(	1.521562E-03	-3.216190E-04	-2.330815E-05	)	)
(	145.2 	(	1.529123E-03	-2.428173E-04	-1.683074E-05	)	)
(	145.3 	(	1.535638E-03	-1.648639E-04	-1.013272E-05	)	)
(	145.4 	(	1.541101E-03	-8.777834E-05	-3.219453E-06	)	)
(	145.5 	(	1.545504E-03	-1.157993E-05	3.903524E-06	)	)
(	145.6 	(	1.548842E-03	6.371258E-05	1.123052E-05	)	)
(	145.7 	(	1.551109E-03	1.380809E-04	1.875570E-05	)	)
(	145.8 	(	1.552301E-03	2.115073E-04	2.647304E-05	)	)
(	145.9 	(	1.552416E-03	2.839744E-04	3.437640E-05	)	)
(	146.0 	(	1.551450E-03	3.554654E-04	4.245947E-05	)	)
(	146.1 	(	1.549402E-03	4.259641E-04	5.071581E-05	)	)
(	146.2 	(	1.546271E-03	4.954545E-04	5.913886E-05	)	)
(	146.3 	(	1.542057E-03	5.639214E-04	6.772188E-05	)	)
(	146.4 	(	1.536761E-03	6.313501E-04	7.645805E-05	)	)
(	146.5 	(	1.530385E-03	6.977261E-04	8.534041E-05	)	)
(	146.6 	(	1.522931E-03	7.630358E-04	9.436186E-05	)	)
(	146.7 	(	1.514403E-03	8.272660E-04	1.035152E-04	)	)
(	146.8 	(	1.504805E-03	8.904038E-04	1.127932E-04	)	)
(	146.9 	(	1.494142E-03	9.524370E-04	1.221883E-04	)	)
(	147.0 	(	1.482420E-03	1.013354E-03	1.316932E-04	)	)
(	147.1 	(	1.469646E-03	1.073144E-03	1.413001E-04	)	)
(	147.2 	(	1.455827E-03	1.131796E-03	1.510014E-04	)	)
(	147.3 	(	1.440973E-03	1.189299E-03	1.607893E-04	)	)
(	147.4 	(	1.425092E-03	1.245645E-03	1.706561E-04	)	)
(	147.5 	(	1.408194E-03	1.300825E-03	1.805936E-04	)	)
(	147.6 	(	1.390291E-03	1.354829E-03	1.905941E-04	)	)
(	147.7 	(	1.371394E-03	1.407650E-03	2.006493E-04	)	)
(	147.8 	(	1.351516E-03	1.459280E-03	2.107513E-04	)	)
(	147.9 	(	1.330670E-03	1.509713E-03	2.208918E-04	)	)
(	148.0 	(	1.308870E-03	1.558942E-03	2.310627E-04	)	)
(	148.1 	(	1.286131E-03	1.606962E-03	2.412557E-04	)	)
(	148.2 	(	1.262469E-03	1.653767E-03	2.514625E-04	)	)
(	148.3 	(	1.237899E-03	1.699351E-03	2.616749E-04	)	)
(	148.4 	(	1.212440E-03	1.743712E-03	2.718846E-04	)	)
(	148.5 	(	1.186109E-03	1.786846E-03	2.820831E-04	)	)
(	148.6 	(	1.158924E-03	1.828748E-03	2.922623E-04	)	)
(	148.7 	(	1.130905E-03	1.869417E-03	3.024136E-04	)	)
(	148.8 	(	1.102071E-03	1.908850E-03	3.125289E-04	)	)
(	148.9 	(	1.072444E-03	1.947046E-03	3.225997E-04	)	)
(	149.0 	(	1.042044E-03	1.984004E-03	3.326177E-04	)	)
(	149.1 	(	1.010893E-03	2.019722E-03	3.425746E-04	)	)
(	149.2 	(	9.790143E-04	2.054202E-03	3.524623E-04	)	)
(	149.3 	(	9.464303E-04	2.087443E-03	3.622723E-04	)	)
(	149.4 	(	9.131647E-04	2.119447E-03	3.719966E-04	)	)
(	149.5 	(	8.792419E-04	2.150214E-03	3.816270E-04	)	)
(	149.6 	(	8.446866E-04	2.179748E-03	3.911553E-04	)	)
(	149.7 	(	8.095241E-04	2.208049E-03	4.005736E-04	)	)
(	149.8 	(	7.737802E-04	2.235122E-03	4.098737E-04	)	)
(	149.9 	(	7.374813E-04	2.260970E-03	4.190479E-04	)	)
(	150.0 	(	7.006541E-04	2.285596E-03	4.280882E-04	)	)
);							
