(							
(	0.0 	(	-5.000000E-01	0.000000E+00	0.000000E+00	)	)
(	0.1 	(	-5.000000E-01	1.765944E-08	8.141153E-09	)	)
(	0.2 	(	-5.000000E-01	1.412599E-07	6.512642E-08	)	)
(	0.3 	(	-4.999999E-01	4.766646E-07	2.197859E-07	)	)
(	0.4 	(	-4.999998E-01	1.129581E-06	5.209217E-07	)	)
(	0.5 	(	-4.999996E-01	2.205483E-06	1.017294E-06	)	)
(	0.6 	(	-4.999993E-01	3.809533E-06	1.757606E-06	)	)
(	0.7 	(	-4.999988E-01	6.046506E-06	2.790493E-06	)	)
(	0.8 	(	-4.999983E-01	9.020710E-06	4.164505E-06	)	)
(	0.9 	(	-4.999975E-01	1.283591E-05	5.928093E-06	)	)
(	1.0 	(	-4.999966E-01	1.759526E-05	8.129599E-06	)	)
(	1.1 	(	-4.999955E-01	2.340120E-05	1.081724E-05	)	)
(	1.2 	(	-4.999942E-01	3.035541E-05	1.403908E-05	)	)
(	1.3 	(	-4.999926E-01	3.855874E-05	1.784305E-05	)	)
(	1.4 	(	-4.999908E-01	4.811109E-05	2.227691E-05	)	)
(	1.5 	(	-4.999887E-01	5.911139E-05	2.738822E-05	)	)
(	1.6 	(	-4.999862E-01	7.165747E-05	3.322437E-05	)	)
(	1.7 	(	-4.999835E-01	8.584606E-05	3.983253E-05	)	)
(	1.8 	(	-4.999805E-01	1.017726E-04	4.725963E-05	)	)
(	1.9 	(	-4.999770E-01	1.195314E-04	5.555241E-05	)	)
(	2.0 	(	-4.999732E-01	1.392152E-04	6.475732E-05	)	)
(	2.1 	(	-4.999690E-01	1.609156E-04	7.492057E-05	)	)
(	2.2 	(	-4.999644E-01	1.847223E-04	8.608807E-05	)	)
(	2.3 	(	-4.999594E-01	2.107238E-04	9.830547E-05	)	)
(	2.4 	(	-4.999539E-01	2.390068E-04	1.116181E-04	)	)
(	2.5 	(	-4.999480E-01	2.696565E-04	1.260710E-04	)	)
(	2.6 	(	-4.999416E-01	3.027559E-04	1.417088E-04	)	)
(	2.7 	(	-4.999347E-01	3.383867E-04	1.585759E-04	)	)
(	2.8 	(	-4.999272E-01	3.766284E-04	1.767163E-04	)	)
(	2.9 	(	-4.999193E-01	4.175586E-04	1.961736E-04	)	)
(	3.0 	(	-4.999108E-01	4.612529E-04	2.169911E-04	)	)
(	3.1 	(	-4.999017E-01	5.077849E-04	2.392115E-04	)	)
(	3.2 	(	-4.998920E-01	5.572260E-04	2.628775E-04	)	)
(	3.3 	(	-4.998818E-01	6.096455E-04	2.880309E-04	)	)
(	3.4 	(	-4.998709E-01	6.651102E-04	3.147134E-04	)	)
(	3.5 	(	-4.998594E-01	7.236851E-04	3.429661E-04	)	)
(	3.6 	(	-4.998473E-01	7.854324E-04	3.728298E-04	)	)
(	3.7 	(	-4.998345E-01	8.504121E-04	4.043447E-04	)	)
(	3.8 	(	-4.998211E-01	9.186817E-04	4.375505E-04	)	)
(	3.9 	(	-4.998069E-01	9.902963E-04	4.724865E-04	)	)
(	4.0 	(	-4.997921E-01	1.065308E-03	5.091914E-04	)	)
(	4.1 	(	-4.997766E-01	1.143768E-03	5.477036E-04	)	)
(	4.2 	(	-4.997603E-01	1.225722E-03	5.880607E-04	)	)
(	4.3 	(	-4.997433E-01	1.311216E-03	6.303000E-04	)	)
(	4.4 	(	-4.997256E-01	1.400290E-03	6.744580E-04	)	)
(	4.5 	(	-4.997071E-01	1.492986E-03	7.205708E-04	)	)
(	4.6 	(	-4.996879E-01	1.589338E-03	7.686740E-04	)	)
(	4.7 	(	-4.996678E-01	1.689380E-03	8.188025E-04	)	)
(	4.8 	(	-4.996470E-01	1.793144E-03	8.709906E-04	)	)
(	4.9 	(	-4.996254E-01	1.900656E-03	9.252720E-04	)	)
(	5.0 	(	-4.996030E-01	2.011943E-03	9.816799E-04	)	)
(	5.1 	(	-4.995797E-01	2.127026E-03	1.040247E-03	)	)
(	5.2 	(	-4.995557E-01	2.245923E-03	1.101005E-03	)	)
(	5.3 	(	-4.995308E-01	2.368652E-03	1.163984E-03	)	)
(	5.4 	(	-4.995051E-01	2.495225E-03	1.229217E-03	)	)
(	5.5 	(	-4.994785E-01	2.625652E-03	1.296732E-03	)	)
(	5.6 	(	-4.994510E-01	2.759940E-03	1.366558E-03	)	)
(	5.7 	(	-4.994227E-01	2.898094E-03	1.438725E-03	)	)
(	5.8 	(	-4.993936E-01	3.040113E-03	1.513261E-03	)	)
(	5.9 	(	-4.993636E-01	3.185996E-03	1.590191E-03	)	)
(	6.0 	(	-4.993326E-01	3.335738E-03	1.669544E-03	)	)
(	6.1 	(	-4.993009E-01	3.489330E-03	1.751344E-03	)	)
(	6.2 	(	-4.992682E-01	3.646760E-03	1.835616E-03	)	)
(	6.3 	(	-4.992346E-01	3.808014E-03	1.922385E-03	)	)
(	6.4 	(	-4.992002E-01	3.973074E-03	2.011675E-03	)	)
(	6.5 	(	-4.991648E-01	4.141920E-03	2.103508E-03	)	)
(	6.6 	(	-4.991286E-01	4.314526E-03	2.197906E-03	)	)
(	6.7 	(	-4.990915E-01	4.490867E-03	2.294891E-03	)	)
(	6.8 	(	-4.990535E-01	4.670912E-03	2.394482E-03	)	)
(	6.9 	(	-4.990145E-01	4.854627E-03	2.496701E-03	)	)
(	7.0 	(	-4.989747E-01	5.041976E-03	2.601564E-03	)	)
(	7.1 	(	-4.989340E-01	5.232920E-03	2.709092E-03	)	)
(	7.2 	(	-4.988924E-01	5.427417E-03	2.819301E-03	)	)
(	7.3 	(	-4.988499E-01	5.625419E-03	2.932207E-03	)	)
(	7.4 	(	-4.988065E-01	5.826880E-03	3.047827E-03	)	)
(	7.5 	(	-4.987622E-01	6.031747E-03	3.166174E-03	)	)
(	7.6 	(	-4.987170E-01	6.239966E-03	3.287264E-03	)	)
(	7.7 	(	-4.986709E-01	6.451479E-03	3.411110E-03	)	)
(	7.8 	(	-4.986240E-01	6.666226E-03	3.537724E-03	)	)
(	7.9 	(	-4.985762E-01	6.884143E-03	3.667117E-03	)	)
(	8.0 	(	-4.985275E-01	7.105164E-03	3.799300E-03	)	)
(	8.1 	(	-4.984780E-01	7.329220E-03	3.934283E-03	)	)
(	8.2 	(	-4.984276E-01	7.556238E-03	4.072075E-03	)	)
(	8.3 	(	-4.983764E-01	7.786145E-03	4.212685E-03	)	)
(	8.4 	(	-4.983243E-01	8.018862E-03	4.356119E-03	)	)
(	8.5 	(	-4.982714E-01	8.254309E-03	4.502384E-03	)	)
(	8.6 	(	-4.982177E-01	8.492404E-03	4.651485E-03	)	)
(	8.7 	(	-4.981631E-01	8.733062E-03	4.803428E-03	)	)
(	8.8 	(	-4.981078E-01	8.976193E-03	4.958215E-03	)	)
(	8.9 	(	-4.980517E-01	9.221707E-03	5.115850E-03	)	)
(	9.0 	(	-4.979947E-01	9.469512E-03	5.276335E-03	)	)
(	9.1 	(	-4.979370E-01	9.719511E-03	5.439671E-03	)	)
(	9.2 	(	-4.978786E-01	9.971608E-03	5.605858E-03	)	)
(	9.3 	(	-4.978194E-01	1.022570E-02	5.774896E-03	)	)
(	9.4 	(	-4.977594E-01	1.048169E-02	5.946782E-03	)	)
(	9.5 	(	-4.976988E-01	1.073946E-02	6.121515E-03	)	)
(	9.6 	(	-4.976374E-01	1.099892E-02	6.299091E-03	)	)
(	9.7 	(	-4.975754E-01	1.125996E-02	6.479506E-03	)	)
(	9.8 	(	-4.975127E-01	1.152245E-02	6.662755E-03	)	)
(	9.9 	(	-4.974493E-01	1.178630E-02	6.848832E-03	)	)
(	10.0 	(	-4.973852E-01	1.205137E-02	7.037729E-03	)	)
(	10.1 	(	-4.973206E-01	1.231757E-02	7.229439E-03	)	)
(	10.2 	(	-4.972553E-01	1.258477E-02	7.423953E-03	)	)
(	10.3 	(	-4.971894E-01	1.285284E-02	7.621262E-03	)	)
(	10.4 	(	-4.971230E-01	1.312167E-02	7.821354E-03	)	)
(	10.5 	(	-4.970560E-01	1.339113E-02	8.024219E-03	)	)
(	10.6 	(	-4.969885E-01	1.366111E-02	8.229844E-03	)	)
(	10.7 	(	-4.969204E-01	1.393146E-02	8.438215E-03	)	)
(	10.8 	(	-4.968519E-01	1.420207E-02	8.649319E-03	)	)
(	10.9 	(	-4.967828E-01	1.447280E-02	8.863140E-03	)	)
(	11.0 	(	-4.967134E-01	1.474352E-02	9.079663E-03	)	)
(	11.1 	(	-4.966435E-01	1.501411E-02	9.298870E-03	)	)
(	11.2 	(	-4.965731E-01	1.528443E-02	9.520743E-03	)	)
(	11.3 	(	-4.965024E-01	1.555435E-02	9.745265E-03	)	)
(	11.4 	(	-4.964314E-01	1.582372E-02	9.972415E-03	)	)
(	11.5 	(	-4.963600E-01	1.609243E-02	1.020217E-02	)	)
(	11.6 	(	-4.962882E-01	1.636032E-02	1.043452E-02	)	)
(	11.7 	(	-4.962162E-01	1.662727E-02	1.066943E-02	)	)
(	11.8 	(	-4.961439E-01	1.689313E-02	1.090688E-02	)	)
(	11.9 	(	-4.960714E-01	1.715778E-02	1.114685E-02	)	)
(	12.0 	(	-4.959987E-01	1.742106E-02	1.138931E-02	)	)
(	12.1 	(	-4.959258E-01	1.768284E-02	1.163423E-02	)	)
(	12.2 	(	-4.958527E-01	1.794299E-02	1.188160E-02	)	)
(	12.3 	(	-4.957795E-01	1.820137E-02	1.213138E-02	)	)
(	12.4 	(	-4.957061E-01	1.845782E-02	1.238354E-02	)	)
(	12.5 	(	-4.956327E-01	1.871223E-02	1.263806E-02	)	)
(	12.6 	(	-4.955593E-01	1.896444E-02	1.289490E-02	)	)
(	12.7 	(	-4.954858E-01	1.921432E-02	1.315404E-02	)	)
(	12.8 	(	-4.954123E-01	1.946173E-02	1.341544E-02	)	)
(	12.9 	(	-4.953389E-01	1.970653E-02	1.367907E-02	)	)
(	13.0 	(	-4.952656E-01	1.994858E-02	1.394490E-02	)	)
(	13.1 	(	-4.951923E-01	2.018775E-02	1.421289E-02	)	)
(	13.2 	(	-4.951192E-01	2.042391E-02	1.448300E-02	)	)
(	13.3 	(	-4.950462E-01	2.065690E-02	1.475521E-02	)	)
(	13.4 	(	-4.949734E-01	2.088661E-02	1.502947E-02	)	)
(	13.5 	(	-4.949009E-01	2.111289E-02	1.530575E-02	)	)
(	13.6 	(	-4.948286E-01	2.133561E-02	1.558401E-02	)	)
(	13.7 	(	-4.947566E-01	2.155464E-02	1.586421E-02	)	)
(	13.8 	(	-4.946849E-01	2.176985E-02	1.614631E-02	)	)
(	13.9 	(	-4.946136E-01	2.198111E-02	1.643027E-02	)	)
(	14.0 	(	-4.945427E-01	2.218829E-02	1.671605E-02	)	)
(	14.1 	(	-4.944722E-01	2.239127E-02	1.700361E-02	)	)
(	14.2 	(	-4.944021E-01	2.258991E-02	1.729290E-02	)	)
(	14.3 	(	-4.943325E-01	2.278409E-02	1.758388E-02	)	)
(	14.4 	(	-4.942635E-01	2.297369E-02	1.787651E-02	)	)
(	14.5 	(	-4.941950E-01	2.315859E-02	1.817073E-02	)	)
(	14.6 	(	-4.941271E-01	2.333868E-02	1.846652E-02	)	)
(	14.7 	(	-4.940599E-01	2.351382E-02	1.876381E-02	)	)
(	14.8 	(	-4.939933E-01	2.368392E-02	1.906257E-02	)	)
(	14.9 	(	-4.939274E-01	2.384885E-02	1.936274E-02	)	)
(	15.0 	(	-4.938622E-01	2.400850E-02	1.966427E-02	)	)
(	15.1 	(	-4.937978E-01	2.416277E-02	1.996713E-02	)	)
(	15.2 	(	-4.937342E-01	2.431155E-02	2.027125E-02	)	)
(	15.3 	(	-4.936715E-01	2.445473E-02	2.057659E-02	)	)
(	15.4 	(	-4.936096E-01	2.459221E-02	2.088309E-02	)	)
(	15.5 	(	-4.935487E-01	2.472390E-02	2.119071E-02	)	)
(	15.6 	(	-4.934887E-01	2.484969E-02	2.149939E-02	)	)
(	15.7 	(	-4.934297E-01	2.496950E-02	2.180908E-02	)	)
(	15.8 	(	-4.933718E-01	2.508322E-02	2.211972E-02	)	)
(	15.9 	(	-4.933149E-01	2.519078E-02	2.243127E-02	)	)
(	16.0 	(	-4.932591E-01	2.529208E-02	2.274367E-02	)	)
(	16.1 	(	-4.932044E-01	2.538704E-02	2.305686E-02	)	)
(	16.2 	(	-4.931509E-01	2.547559E-02	2.337078E-02	)	)
(	16.3 	(	-4.930986E-01	2.555764E-02	2.368538E-02	)	)
(	16.4 	(	-4.930476E-01	2.563312E-02	2.400061E-02	)	)
(	16.5 	(	-4.929979E-01	2.570197E-02	2.431641E-02	)	)
(	16.6 	(	-4.929495E-01	2.576411E-02	2.463271E-02	)	)
(	16.7 	(	-4.929024E-01	2.581947E-02	2.494947E-02	)	)
(	16.8 	(	-4.928568E-01	2.586801E-02	2.526662E-02	)	)
(	16.9 	(	-4.928125E-01	2.590965E-02	2.558410E-02	)	)
(	17.0 	(	-4.927698E-01	2.594435E-02	2.590185E-02	)	)
(	17.1 	(	-4.927286E-01	2.597205E-02	2.621982E-02	)	)
(	17.2 	(	-4.926889E-01	2.599271E-02	2.653794E-02	)	)
(	17.3 	(	-4.926508E-01	2.600628E-02	2.685615E-02	)	)
(	17.4 	(	-4.926143E-01	2.601273E-02	2.717439E-02	)	)
(	17.5 	(	-4.925795E-01	2.601201E-02	2.749260E-02	)	)
(	17.6 	(	-4.925464E-01	2.600409E-02	2.781072E-02	)	)
(	17.7 	(	-4.925150E-01	2.598895E-02	2.812869E-02	)	)
(	17.8 	(	-4.924853E-01	2.596656E-02	2.844643E-02	)	)
(	17.9 	(	-4.924575E-01	2.593690E-02	2.876390E-02	)	)
(	18.0 	(	-4.924315E-01	2.589994E-02	2.908102E-02	)	)
(	18.1 	(	-4.924074E-01	2.585568E-02	2.939773E-02	)	)
(	18.2 	(	-4.923852E-01	2.580410E-02	2.971398E-02	)	)
(	18.3 	(	-4.923650E-01	2.574520E-02	3.002968E-02	)	)
(	18.4 	(	-4.923467E-01	2.567898E-02	3.034479E-02	)	)
(	18.5 	(	-4.923305E-01	2.560543E-02	3.065923E-02	)	)
(	18.6 	(	-4.923163E-01	2.552457E-02	3.097294E-02	)	)
(	18.7 	(	-4.923042E-01	2.543640E-02	3.128585E-02	)	)
(	18.8 	(	-4.922942E-01	2.534093E-02	3.159791E-02	)	)
(	18.9 	(	-4.922864E-01	2.523819E-02	3.190903E-02	)	)
(	19.0 	(	-4.922807E-01	2.512819E-02	3.221917E-02	)	)
(	19.1 	(	-4.922773E-01	2.501096E-02	3.252825E-02	)	)
(	19.2 	(	-4.922762E-01	2.488653E-02	3.283620E-02	)	)
(	19.3 	(	-4.922773E-01	2.475494E-02	3.314297E-02	)	)
(	19.4 	(	-4.922808E-01	2.461621E-02	3.344848E-02	)	)
(	19.5 	(	-4.922866E-01	2.447039E-02	3.375266E-02	)	)
(	19.6 	(	-4.922948E-01	2.431753E-02	3.405546E-02	)	)
(	19.7 	(	-4.923054E-01	2.415768E-02	3.435680E-02	)	)
(	19.8 	(	-4.923184E-01	2.399089E-02	3.465661E-02	)	)
(	19.9 	(	-4.923340E-01	2.381721E-02	3.495484E-02	)	)
(	20.0 	(	-4.923520E-01	2.363671E-02	3.525142E-02	)	)
(	20.1 	(	-4.923726E-01	2.344946E-02	3.554627E-02	)	)
(	20.2 	(	-4.923957E-01	2.325552E-02	3.583933E-02	)	)
(	20.3 	(	-4.924215E-01	2.305497E-02	3.613053E-02	)	)
(	20.4 	(	-4.924499E-01	2.284788E-02	3.641982E-02	)	)
(	20.5 	(	-4.924809E-01	2.263434E-02	3.670711E-02	)	)
(	20.6 	(	-4.925146E-01	2.241443E-02	3.699235E-02	)	)
(	20.7 	(	-4.925510E-01	2.218823E-02	3.727547E-02	)	)
(	20.8 	(	-4.925902E-01	2.195585E-02	3.755640E-02	)	)
(	20.9 	(	-4.926321E-01	2.171738E-02	3.783507E-02	)	)
(	21.0 	(	-4.926768E-01	2.147291E-02	3.811142E-02	)	)
(	21.1 	(	-4.927243E-01	2.122256E-02	3.838539E-02	)	)
(	21.2 	(	-4.927747E-01	2.096642E-02	3.865690E-02	)	)
(	21.3 	(	-4.928279E-01	2.070461E-02	3.892590E-02	)	)
(	21.4 	(	-4.928839E-01	2.043725E-02	3.919231E-02	)	)
(	21.5 	(	-4.929429E-01	2.016445E-02	3.945607E-02	)	)
(	21.6 	(	-4.930049E-01	1.988634E-02	3.971712E-02	)	)
(	21.7 	(	-4.930697E-01	1.960303E-02	3.997539E-02	)	)
(	21.8 	(	-4.931376E-01	1.931467E-02	4.023082E-02	)	)
(	21.9 	(	-4.932084E-01	1.902137E-02	4.048333E-02	)	)
(	22.0 	(	-4.932822E-01	1.872327E-02	4.073288E-02	)	)
(	22.1 	(	-4.933591E-01	1.842052E-02	4.097939E-02	)	)
(	22.2 	(	-4.934390E-01	1.811325E-02	4.122280E-02	)	)
(	22.3 	(	-4.935220E-01	1.780161E-02	4.146304E-02	)	)
(	22.4 	(	-4.936080E-01	1.748575E-02	4.170007E-02	)	)
(	22.5 	(	-4.936972E-01	1.716581E-02	4.193380E-02	)	)
(	22.6 	(	-4.937895E-01	1.684195E-02	4.216418E-02	)	)
(	22.7 	(	-4.938849E-01	1.651432E-02	4.239115E-02	)	)
(	22.8 	(	-4.939834E-01	1.618309E-02	4.261465E-02	)	)
(	22.9 	(	-4.940851E-01	1.584841E-02	4.283462E-02	)	)
(	23.0 	(	-4.941899E-01	1.551045E-02	4.305098E-02	)	)
(	23.1 	(	-4.942980E-01	1.516937E-02	4.326370E-02	)	)
(	23.2 	(	-4.944092E-01	1.482535E-02	4.347270E-02	)	)
(	23.3 	(	-4.945236E-01	1.447856E-02	4.367792E-02	)	)
(	23.4 	(	-4.946413E-01	1.412916E-02	4.387931E-02	)	)
(	23.5 	(	-4.947621E-01	1.377734E-02	4.407681E-02	)	)
(	23.6 	(	-4.948862E-01	1.342328E-02	4.427036E-02	)	)
(	23.7 	(	-4.950135E-01	1.306714E-02	4.445991E-02	)	)
(	23.8 	(	-4.951441E-01	1.270912E-02	4.464539E-02	)	)
(	23.9 	(	-4.952779E-01	1.234940E-02	4.482676E-02	)	)
(	24.0 	(	-4.954150E-01	1.198816E-02	4.500394E-02	)	)
(	24.1 	(	-4.955553E-01	1.162559E-02	4.517690E-02	)	)
(	24.2 	(	-4.956989E-01	1.126188E-02	4.534558E-02	)	)
(	24.3 	(	-4.958457E-01	1.089722E-02	4.550992E-02	)	)
(	24.4 	(	-4.959958E-01	1.053180E-02	4.566986E-02	)	)
(	24.5 	(	-4.961492E-01	1.016581E-02	4.582536E-02	)	)
(	24.6 	(	-4.963058E-01	9.799456E-03	4.597637E-02	)	)
(	24.7 	(	-4.964657E-01	9.432921E-03	4.612283E-02	)	)
(	24.8 	(	-4.966288E-01	9.066404E-03	4.626469E-02	)	)
(	24.9 	(	-4.967952E-01	8.700104E-03	4.640190E-02	)	)
(	25.0 	(	-4.969649E-01	8.334217E-03	4.653441E-02	)	)
(	25.1 	(	-4.971378E-01	7.968942E-03	4.666218E-02	)	)
(	25.2 	(	-4.973139E-01	7.604478E-03	4.678515E-02	)	)
(	25.3 	(	-4.974933E-01	7.241025E-03	4.690329E-02	)	)
(	25.4 	(	-4.976759E-01	6.878783E-03	4.701653E-02	)	)
(	25.5 	(	-4.978618E-01	6.517951E-03	4.712484E-02	)	)
(	25.6 	(	-4.980508E-01	6.158730E-03	4.722818E-02	)	)
(	25.7 	(	-4.982431E-01	5.801321E-03	4.732649E-02	)	)
(	25.8 	(	-4.984385E-01	5.445925E-03	4.741973E-02	)	)
(	25.9 	(	-4.986372E-01	5.092740E-03	4.750786E-02	)	)
(	26.0 	(	-4.988390E-01	4.741968E-03	4.759085E-02	)	)
(	26.1 	(	-4.990439E-01	4.393808E-03	4.766864E-02	)	)
(	26.2 	(	-4.992520E-01	4.048459E-03	4.774120E-02	)	)
(	26.3 	(	-4.994632E-01	3.706121E-03	4.780849E-02	)	)
(	26.4 	(	-4.996775E-01	3.366990E-03	4.787046E-02	)	)
(	26.5 	(	-4.998949E-01	3.031265E-03	4.792710E-02	)	)
(	26.6 	(	-5.001154E-01	2.699141E-03	4.797834E-02	)	)
(	26.7 	(	-5.003389E-01	2.370814E-03	4.802417E-02	)	)
(	26.8 	(	-5.005655E-01	2.046479E-03	4.806453E-02	)	)
(	26.9 	(	-5.007951E-01	1.726327E-03	4.809941E-02	)	)
(	27.0 	(	-5.010276E-01	1.410552E-03	4.812877E-02	)	)
(	27.1 	(	-5.012632E-01	1.099343E-03	4.815257E-02	)	)
(	27.2 	(	-5.015016E-01	7.928898E-04	4.817078E-02	)	)
(	27.3 	(	-5.017430E-01	4.913786E-04	4.818338E-02	)	)
(	27.4 	(	-5.019873E-01	1.949954E-04	4.819033E-02	)	)
(	27.5 	(	-5.022344E-01	-9.607618E-05	4.819160E-02	)	)
(	27.6 	(	-5.024844E-01	-3.816544E-04	4.818717E-02	)	)
(	27.7 	(	-5.027372E-01	-6.615596E-04	4.817700E-02	)	)
(	27.8 	(	-5.029928E-01	-9.356142E-04	4.816109E-02	)	)
(	27.9 	(	-5.032511E-01	-1.203643E-03	4.813939E-02	)	)
(	28.0 	(	-5.035121E-01	-1.465472E-03	4.811188E-02	)	)
(	28.1 	(	-5.037758E-01	-1.720933E-03	4.807855E-02	)	)
(	28.2 	(	-5.040422E-01	-1.969855E-03	4.803937E-02	)	)
(	28.3 	(	-5.043112E-01	-2.212075E-03	4.799431E-02	)	)
(	28.4 	(	-5.045827E-01	-2.447429E-03	4.794337E-02	)	)
(	28.5 	(	-5.048568E-01	-2.675757E-03	4.788651E-02	)	)
(	28.6 	(	-5.051335E-01	-2.896903E-03	4.782373E-02	)	)
(	28.7 	(	-5.054125E-01	-3.110712E-03	4.775501E-02	)	)
(	28.8 	(	-5.056941E-01	-3.317034E-03	4.768032E-02	)	)
(	28.9 	(	-5.059780E-01	-3.515720E-03	4.759966E-02	)	)
(	29.0 	(	-5.062642E-01	-3.706628E-03	4.751301E-02	)	)
(	29.1 	(	-5.065528E-01	-3.889614E-03	4.742037E-02	)	)
(	29.2 	(	-5.068436E-01	-4.064543E-03	4.732170E-02	)	)
(	29.3 	(	-5.071367E-01	-4.231279E-03	4.721702E-02	)	)
(	29.4 	(	-5.074319E-01	-4.389693E-03	4.710630E-02	)	)
(	29.5 	(	-5.077293E-01	-4.539657E-03	4.698954E-02	)	)
(	29.6 	(	-5.080287E-01	-4.681048E-03	4.686673E-02	)	)
(	29.7 	(	-5.083302E-01	-4.813748E-03	4.673787E-02	)	)
(	29.8 	(	-5.086337E-01	-4.937641E-03	4.660295E-02	)	)
(	29.9 	(	-5.089392E-01	-5.052615E-03	4.646196E-02	)	)
(	30.0 	(	-5.092465E-01	-5.158564E-03	4.631490E-02	)	)
(	30.1 	(	-5.095557E-01	-5.255384E-03	4.616178E-02	)	)
(	30.2 	(	-5.098667E-01	-5.342977E-03	4.600259E-02	)	)
(	30.3 	(	-5.101794E-01	-5.421248E-03	4.583732E-02	)	)
(	30.4 	(	-5.104938E-01	-5.490107E-03	4.566599E-02	)	)
(	30.5 	(	-5.108098E-01	-5.549468E-03	4.548859E-02	)	)
(	30.6 	(	-5.111274E-01	-5.599249E-03	4.530512E-02	)	)
(	30.7 	(	-5.114466E-01	-5.639374E-03	4.511560E-02	)	)
(	30.8 	(	-5.117672E-01	-5.669770E-03	4.492003E-02	)	)
(	30.9 	(	-5.120892E-01	-5.690370E-03	4.471841E-02	)	)
(	31.0 	(	-5.124126E-01	-5.701111E-03	4.451075E-02	)	)
(	31.1 	(	-5.127373E-01	-5.701933E-03	4.429706E-02	)	)
(	31.2 	(	-5.130632E-01	-5.692785E-03	4.407735E-02	)	)
(	31.3 	(	-5.133903E-01	-5.673617E-03	4.385163E-02	)	)
(	31.4 	(	-5.137185E-01	-5.644385E-03	4.361992E-02	)	)
(	31.5 	(	-5.140477E-01	-5.605050E-03	4.338223E-02	)	)
(	31.6 	(	-5.143780E-01	-5.555579E-03	4.313856E-02	)	)
(	31.7 	(	-5.147092E-01	-5.495942E-03	4.288895E-02	)	)
(	31.8 	(	-5.150413E-01	-5.426115E-03	4.263339E-02	)	)
(	31.9 	(	-5.153741E-01	-5.346079E-03	4.237192E-02	)	)
(	32.0 	(	-5.157077E-01	-5.255821E-03	4.210455E-02	)	)
(	32.1 	(	-5.160420E-01	-5.155331E-03	4.183130E-02	)	)
(	32.2 	(	-5.163769E-01	-5.044605E-03	4.155219E-02	)	)
(	32.3 	(	-5.167123E-01	-4.923646E-03	4.126724E-02	)	)
(	32.4 	(	-5.170482E-01	-4.792459E-03	4.097648E-02	)	)
(	32.5 	(	-5.173845E-01	-4.651056E-03	4.067993E-02	)	)
(	32.6 	(	-5.177212E-01	-4.499453E-03	4.037761E-02	)	)
(	32.7 	(	-5.180581E-01	-4.337674E-03	4.006956E-02	)	)
(	32.8 	(	-5.183952E-01	-4.165745E-03	3.975579E-02	)	)
(	32.9 	(	-5.187324E-01	-3.983698E-03	3.943635E-02	)	)
(	33.0 	(	-5.190697E-01	-3.791572E-03	3.911125E-02	)	)
(	33.1 	(	-5.194070E-01	-3.589408E-03	3.878053E-02	)	)
(	33.2 	(	-5.197442E-01	-3.377255E-03	3.844421E-02	)	)
(	33.3 	(	-5.200812E-01	-3.155166E-03	3.810234E-02	)	)
(	33.4 	(	-5.204180E-01	-2.923199E-03	3.775495E-02	)	)
(	33.5 	(	-5.207545E-01	-2.681417E-03	3.740207E-02	)	)
(	33.6 	(	-5.210906E-01	-2.429890E-03	3.704373E-02	)	)
(	33.7 	(	-5.214263E-01	-2.168691E-03	3.667997E-02	)	)
(	33.8 	(	-5.217615E-01	-1.897898E-03	3.631084E-02	)	)
(	33.9 	(	-5.220960E-01	-1.617597E-03	3.593637E-02	)	)
(	34.0 	(	-5.224299E-01	-1.327875E-03	3.555659E-02	)	)
(	34.1 	(	-5.227630E-01	-1.028827E-03	3.517156E-02	)	)
(	34.2 	(	-5.230952E-01	-7.205512E-04	3.478131E-02	)	)
(	34.3 	(	-5.234266E-01	-4.031525E-04	3.438589E-02	)	)
(	34.4 	(	-5.237570E-01	-7.673944E-05	3.398533E-02	)	)
(	34.5 	(	-5.240863E-01	2.585741E-04	3.357969E-02	)	)
(	34.6 	(	-5.244145E-01	6.026694E-04	3.316900E-02	)	)
(	34.7 	(	-5.247415E-01	9.554231E-04	3.275333E-02	)	)
(	34.8 	(	-5.250672E-01	1.316707E-03	3.233271E-02	)	)
(	34.9 	(	-5.253915E-01	1.686388E-03	3.190719E-02	)	)
(	35.0 	(	-5.257143E-01	2.064328E-03	3.147682E-02	)	)
(	35.1 	(	-5.260357E-01	2.450385E-03	3.104165E-02	)	)
(	35.2 	(	-5.263554E-01	2.844413E-03	3.060174E-02	)	)
(	35.3 	(	-5.266734E-01	3.246259E-03	3.015714E-02	)	)
(	35.4 	(	-5.269897E-01	3.655769E-03	2.970789E-02	)	)
(	35.5 	(	-5.273041E-01	4.072782E-03	2.925406E-02	)	)
(	35.6 	(	-5.276166E-01	4.497134E-03	2.879570E-02	)	)
(	35.7 	(	-5.279270E-01	4.928655E-03	2.833286E-02	)	)
(	35.8 	(	-5.282354E-01	5.367173E-03	2.786560E-02	)	)
(	35.9 	(	-5.285417E-01	5.812512E-03	2.739398E-02	)	)
(	36.0 	(	-5.288456E-01	6.264489E-03	2.691806E-02	)	)
(	36.1 	(	-5.291473E-01	6.722921E-03	2.643790E-02	)	)
(	36.2 	(	-5.294465E-01	7.187618E-03	2.595355E-02	)	)
(	36.3 	(	-5.297433E-01	7.658387E-03	2.546507E-02	)	)
(	36.4 	(	-5.300375E-01	8.135033E-03	2.497254E-02	)	)
(	36.5 	(	-5.303290E-01	8.617355E-03	2.447601E-02	)	)
(	36.6 	(	-5.306178E-01	9.105150E-03	2.397554E-02	)	)
(	36.7 	(	-5.309038E-01	9.598211E-03	2.347120E-02	)	)
(	36.8 	(	-5.311869E-01	1.009633E-02	2.296305E-02	)	)
(	36.9 	(	-5.314670E-01	1.059929E-02	2.245116E-02	)	)
(	37.0 	(	-5.317441E-01	1.110687E-02	2.193560E-02	)	)
(	37.1 	(	-5.320181E-01	1.161886E-02	2.141642E-02	)	)
(	37.2 	(	-5.322888E-01	1.213503E-02	2.089371E-02	)	)
(	37.3 	(	-5.325563E-01	1.265516E-02	2.036752E-02	)	)
(	37.4 	(	-5.328204E-01	1.317902E-02	1.983793E-02	)	)
(	37.5 	(	-5.330811E-01	1.370637E-02	1.930501E-02	)	)
(	37.6 	(	-5.333382E-01	1.423699E-02	1.876882E-02	)	)
(	37.7 	(	-5.335917E-01	1.477064E-02	1.822944E-02	)	)
(	37.8 	(	-5.338416E-01	1.530708E-02	1.768694E-02	)	)
(	37.9 	(	-5.340877E-01	1.584607E-02	1.714139E-02	)	)
(	38.0 	(	-5.343299E-01	1.638736E-02	1.659287E-02	)	)
(	38.1 	(	-5.345683E-01	1.693071E-02	1.604144E-02	)	)
(	38.2 	(	-5.348026E-01	1.747588E-02	1.548718E-02	)	)
(	38.3 	(	-5.350329E-01	1.802262E-02	1.493017E-02	)	)
(	38.4 	(	-5.352590E-01	1.857067E-02	1.437047E-02	)	)
(	38.5 	(	-5.354809E-01	1.911978E-02	1.380818E-02	)	)
(	38.6 	(	-5.356986E-01	1.966971E-02	1.324335E-02	)	)
(	38.7 	(	-5.359118E-01	2.022020E-02	1.267608E-02	)	)
(	38.8 	(	-5.361206E-01	2.077098E-02	1.210643E-02	)	)
(	38.9 	(	-5.363249E-01	2.132181E-02	1.153448E-02	)	)
(	39.0 	(	-5.365246E-01	2.187243E-02	1.096032E-02	)	)
(	39.1 	(	-5.367196E-01	2.242257E-02	1.038402E-02	)	)
(	39.2 	(	-5.369099E-01	2.297199E-02	9.805652E-03	)	)
(	39.3 	(	-5.370954E-01	2.352041E-02	9.225305E-03	)	)
(	39.4 	(	-5.372760E-01	2.406758E-02	8.643057E-03	)	)
(	39.5 	(	-5.374517E-01	2.461325E-02	8.058986E-03	)	)
(	39.6 	(	-5.376223E-01	2.515714E-02	7.473174E-03	)	)
(	39.7 	(	-5.377878E-01	2.569899E-02	6.885701E-03	)	)
(	39.8 	(	-5.379482E-01	2.623856E-02	6.296648E-03	)	)
(	39.9 	(	-5.381033E-01	2.677557E-02	5.706098E-03	)	)
(	40.0 	(	-5.382532E-01	2.730976E-02	5.114131E-03	)	)
(	40.1 	(	-5.383977E-01	2.784088E-02	4.520830E-03	)	)
(	40.2 	(	-5.385367E-01	2.836867E-02	3.926277E-03	)	)
(	40.3 	(	-5.386703E-01	2.889287E-02	3.330555E-03	)	)
(	40.4 	(	-5.387983E-01	2.941321E-02	2.733747E-03	)	)
(	40.5 	(	-5.389207E-01	2.992945E-02	2.135936E-03	)	)
(	40.6 	(	-5.390373E-01	3.044133E-02	1.537205E-03	)	)
(	40.7 	(	-5.391483E-01	3.094859E-02	9.376374E-04	)	)
(	40.8 	(	-5.392534E-01	3.145098E-02	3.373174E-04	)	)
(	40.9 	(	-5.393526E-01	3.194824E-02	-2.636714E-04	)	)
(	41.0 	(	-5.394459E-01	3.244013E-02	-8.652448E-04	)	)
(	41.1 	(	-5.395333E-01	3.292640E-02	-1.467319E-03	)	)
(	41.2 	(	-5.396145E-01	3.340681E-02	-2.069809E-03	)	)
(	41.3 	(	-5.396897E-01	3.388109E-02	-2.672631E-03	)	)
(	41.4 	(	-5.397587E-01	3.434903E-02	-3.275700E-03	)	)
(	41.5 	(	-5.398215E-01	3.481036E-02	-3.878933E-03	)	)
(	41.6 	(	-5.398780E-01	3.526486E-02	-4.482243E-03	)	)
(	41.7 	(	-5.399282E-01	3.571229E-02	-5.085547E-03	)	)
(	41.8 	(	-5.399720E-01	3.615242E-02	-5.688760E-03	)	)
(	41.9 	(	-5.400094E-01	3.658501E-02	-6.291797E-03	)	)
(	42.0 	(	-5.400403E-01	3.700983E-02	-6.894574E-03	)	)
(	42.1 	(	-5.400646E-01	3.742667E-02	-7.497006E-03	)	)
(	42.2 	(	-5.400824E-01	3.783529E-02	-8.099008E-03	)	)
(	42.3 	(	-5.400936E-01	3.823549E-02	-8.700496E-03	)	)
(	42.4 	(	-5.400981E-01	3.862704E-02	-9.301385E-03	)	)
(	42.5 	(	-5.400959E-01	3.900974E-02	-9.901591E-03	)	)
(	42.6 	(	-5.400869E-01	3.938336E-02	-1.050103E-02	)	)
(	42.7 	(	-5.400711E-01	3.974772E-02	-1.109962E-02	)	)
(	42.8 	(	-5.400484E-01	4.010260E-02	-1.169727E-02	)	)
(	42.9 	(	-5.400189E-01	4.044781E-02	-1.229390E-02	)	)
(	43.0 	(	-5.399825E-01	4.078315E-02	-1.288943E-02	)	)
(	43.1 	(	-5.399390E-01	4.110844E-02	-1.348377E-02	)	)
(	43.2 	(	-5.398886E-01	4.142348E-02	-1.407685E-02	)	)
(	43.3 	(	-5.398312E-01	4.172810E-02	-1.466857E-02	)	)
(	43.4 	(	-5.397667E-01	4.202212E-02	-1.525885E-02	)	)
(	43.5 	(	-5.396950E-01	4.230536E-02	-1.584762E-02	)	)
(	43.6 	(	-5.396163E-01	4.257766E-02	-1.643478E-02	)	)
(	43.7 	(	-5.395303E-01	4.283886E-02	-1.702027E-02	)	)
(	43.8 	(	-5.394372E-01	4.308878E-02	-1.760399E-02	)	)
(	43.9 	(	-5.393369E-01	4.332728E-02	-1.818586E-02	)	)
(	44.0 	(	-5.392292E-01	4.355421E-02	-1.876580E-02	)	)
(	44.1 	(	-5.391144E-01	4.376942E-02	-1.934374E-02	)	)
(	44.2 	(	-5.389922E-01	4.397278E-02	-1.991959E-02	)	)
(	44.3 	(	-5.388627E-01	4.416414E-02	-2.049327E-02	)	)
(	44.4 	(	-5.387258E-01	4.434337E-02	-2.106471E-02	)	)
(	44.5 	(	-5.385816E-01	4.451036E-02	-2.163381E-02	)	)
(	44.6 	(	-5.384300E-01	4.466498E-02	-2.220051E-02	)	)
(	44.7 	(	-5.382710E-01	4.480712E-02	-2.276473E-02	)	)
(	44.8 	(	-5.381045E-01	4.493666E-02	-2.332638E-02	)	)
(	44.9 	(	-5.379307E-01	4.505351E-02	-2.388539E-02	)	)
(	45.0 	(	-5.377494E-01	4.515757E-02	-2.444169E-02	)	)
(	45.1 	(	-5.375606E-01	4.524874E-02	-2.499519E-02	)	)
(	45.2 	(	-5.373643E-01	4.532694E-02	-2.554583E-02	)	)
(	45.3 	(	-5.371606E-01	4.539209E-02	-2.609352E-02	)	)
(	45.4 	(	-5.369494E-01	4.544411E-02	-2.663819E-02	)	)
(	45.5 	(	-5.367307E-01	4.548293E-02	-2.717976E-02	)	)
(	45.6 	(	-5.365045E-01	4.550849E-02	-2.771817E-02	)	)
(	45.7 	(	-5.362708E-01	4.552072E-02	-2.825334E-02	)	)
(	45.8 	(	-5.360296E-01	4.551959E-02	-2.878519E-02	)	)
(	45.9 	(	-5.357809E-01	4.550504E-02	-2.931366E-02	)	)
(	46.0 	(	-5.355247E-01	4.547703E-02	-2.983866E-02	)	)
(	46.1 	(	-5.352610E-01	4.543552E-02	-3.036014E-02	)	)
(	46.2 	(	-5.349897E-01	4.538050E-02	-3.087803E-02	)	)
(	46.3 	(	-5.347110E-01	4.531193E-02	-3.139224E-02	)	)
(	46.4 	(	-5.344249E-01	4.522980E-02	-3.190272E-02	)	)
(	46.5 	(	-5.341312E-01	4.513411E-02	-3.240939E-02	)	)
(	46.6 	(	-5.338301E-01	4.502484E-02	-3.291219E-02	)	)
(	46.7 	(	-5.335215E-01	4.490200E-02	-3.341105E-02	)	)
(	46.8 	(	-5.332055E-01	4.476560E-02	-3.390591E-02	)	)
(	46.9 	(	-5.328821E-01	4.461565E-02	-3.439670E-02	)	)
(	47.0 	(	-5.325512E-01	4.445218E-02	-3.488335E-02	)	)
(	47.1 	(	-5.322130E-01	4.427520E-02	-3.536580E-02	)	)
(	47.2 	(	-5.318674E-01	4.408476E-02	-3.584399E-02	)	)
(	47.3 	(	-5.315144E-01	4.388089E-02	-3.631786E-02	)	)
(	47.4 	(	-5.311541E-01	4.366364E-02	-3.678734E-02	)	)
(	47.5 	(	-5.307865E-01	4.343306E-02	-3.725238E-02	)	)
(	47.6 	(	-5.304116E-01	4.318920E-02	-3.771291E-02	)	)
(	47.7 	(	-5.300295E-01	4.293213E-02	-3.816887E-02	)	)
(	47.8 	(	-5.296402E-01	4.266192E-02	-3.862022E-02	)	)
(	47.9 	(	-5.292436E-01	4.237865E-02	-3.906688E-02	)	)
(	48.0 	(	-5.288399E-01	4.208239E-02	-3.950881E-02	)	)
(	48.1 	(	-5.284291E-01	4.177323E-02	-3.994594E-02	)	)
(	48.2 	(	-5.280111E-01	4.145128E-02	-4.037823E-02	)	)
(	48.3 	(	-5.275861E-01	4.111661E-02	-4.080561E-02	)	)
(	48.4 	(	-5.271541E-01	4.076936E-02	-4.122804E-02	)	)
(	48.5 	(	-5.267151E-01	4.040961E-02	-4.164547E-02	)	)
(	48.6 	(	-5.262692E-01	4.003750E-02	-4.205784E-02	)	)
(	48.7 	(	-5.258164E-01	3.965313E-02	-4.246511E-02	)	)
(	48.8 	(	-5.253567E-01	3.925665E-02	-4.286721E-02	)	)
(	48.9 	(	-5.248902E-01	3.884819E-02	-4.326412E-02	)	)
(	49.0 	(	-5.244169E-01	3.842787E-02	-4.365577E-02	)	)
(	49.1 	(	-5.239369E-01	3.799586E-02	-4.404212E-02	)	)
(	49.2 	(	-5.234503E-01	3.755230E-02	-4.442313E-02	)	)
(	49.3 	(	-5.229571E-01	3.709735E-02	-4.479875E-02	)	)
(	49.4 	(	-5.224572E-01	3.663117E-02	-4.516894E-02	)	)
(	49.5 	(	-5.219509E-01	3.615392E-02	-4.553366E-02	)	)
(	49.6 	(	-5.214382E-01	3.566577E-02	-4.589286E-02	)	)
(	49.7 	(	-5.209190E-01	3.516691E-02	-4.624651E-02	)	)
(	49.8 	(	-5.203935E-01	3.465752E-02	-4.659456E-02	)	)
(	49.9 	(	-5.198618E-01	3.413778E-02	-4.693698E-02	)	)
(	50.0 	(	-5.193238E-01	3.360789E-02	-4.727372E-02	)	)
(	50.1 	(	-5.187797E-01	3.306803E-02	-4.760476E-02	)	)
(	50.2 	(	-5.182295E-01	3.251842E-02	-4.793006E-02	)	)
(	50.3 	(	-5.176733E-01	3.195926E-02	-4.824958E-02	)	)
(	50.4 	(	-5.171111E-01	3.139076E-02	-4.856329E-02	)	)
(	50.5 	(	-5.165431E-01	3.081314E-02	-4.887115E-02	)	)
(	50.6 	(	-5.159692E-01	3.022661E-02	-4.917315E-02	)	)
(	50.7 	(	-5.153896E-01	2.963140E-02	-4.946924E-02	)	)
(	50.8 	(	-5.148044E-01	2.902774E-02	-4.975940E-02	)	)
(	50.9 	(	-5.142135E-01	2.841585E-02	-5.004360E-02	)	)
(	51.0 	(	-5.136172E-01	2.779599E-02	-5.032181E-02	)	)
(	51.1 	(	-5.130154E-01	2.716837E-02	-5.059401E-02	)	)
(	51.2 	(	-5.124083E-01	2.653325E-02	-5.086017E-02	)	)
(	51.3 	(	-5.117959E-01	2.589088E-02	-5.112027E-02	)	)
(	51.4 	(	-5.111783E-01	2.524151E-02	-5.137428E-02	)	)
(	51.5 	(	-5.105555E-01	2.458539E-02	-5.162219E-02	)	)
(	51.6 	(	-5.099278E-01	2.392277E-02	-5.186398E-02	)	)
(	51.7 	(	-5.092951E-01	2.325393E-02	-5.209962E-02	)	)
(	51.8 	(	-5.086576E-01	2.257911E-02	-5.232910E-02	)	)
(	51.9 	(	-5.080153E-01	2.189860E-02	-5.255240E-02	)	)
(	52.0 	(	-5.073683E-01	2.121266E-02	-5.276950E-02	)	)
(	52.1 	(	-5.067168E-01	2.052155E-02	-5.298040E-02	)	)
(	52.2 	(	-5.060607E-01	1.982556E-02	-5.318507E-02	)	)
(	52.3 	(	-5.054003E-01	1.912497E-02	-5.338350E-02	)	)
(	52.4 	(	-5.047355E-01	1.842005E-02	-5.357568E-02	)	)
(	52.5 	(	-5.040665E-01	1.771108E-02	-5.376161E-02	)	)
(	52.6 	(	-5.033935E-01	1.699835E-02	-5.394127E-02	)	)
(	52.7 	(	-5.027164E-01	1.628215E-02	-5.411466E-02	)	)
(	52.8 	(	-5.020354E-01	1.556275E-02	-5.428176E-02	)	)
(	52.9 	(	-5.013505E-01	1.484046E-02	-5.444258E-02	)	)
(	53.0 	(	-5.006620E-01	1.411556E-02	-5.459710E-02	)	)
(	53.1 	(	-4.999698E-01	1.338835E-02	-5.474532E-02	)	)
(	53.2 	(	-4.992742E-01	1.265911E-02	-5.488725E-02	)	)
(	53.3 	(	-4.985751E-01	1.192814E-02	-5.502287E-02	)	)
(	53.4 	(	-4.978728E-01	1.119574E-02	-5.515220E-02	)	)
(	53.5 	(	-4.971672E-01	1.046221E-02	-5.527522E-02	)	)
(	53.6 	(	-4.964586E-01	9.727836E-03	-5.539195E-02	)	)
(	53.7 	(	-4.957470E-01	8.992923E-03	-5.550238E-02	)	)
(	53.8 	(	-4.950325E-01	8.257767E-03	-5.560652E-02	)	)
(	53.9 	(	-4.943153E-01	7.522667E-03	-5.570437E-02	)	)
(	54.0 	(	-4.935955E-01	6.787921E-03	-5.579594E-02	)	)
(	54.1 	(	-4.928731E-01	6.053829E-03	-5.588124E-02	)	)
(	54.2 	(	-4.921483E-01	5.320690E-03	-5.596028E-02	)	)
(	54.3 	(	-4.914212E-01	4.588800E-03	-5.603307E-02	)	)
(	54.4 	(	-4.906919E-01	3.858459E-03	-5.609961E-02	)	)
(	54.5 	(	-4.899605E-01	3.129965E-03	-5.615992E-02	)	)
(	54.6 	(	-4.892272E-01	2.403612E-03	-5.621401E-02	)	)
(	54.7 	(	-4.884921E-01	1.679699E-03	-5.626189E-02	)	)
(	54.8 	(	-4.877552E-01	9.585195E-04	-5.630358E-02	)	)
(	54.9 	(	-4.870168E-01	2.403677E-04	-5.633910E-02	)	)
(	55.0 	(	-4.862768E-01	-4.744634E-04	-5.636847E-02	)	)
(	55.1 	(	-4.855356E-01	-1.185683E-03	-5.639169E-02	)	)
(	55.2 	(	-4.847930E-01	-1.893000E-03	-5.640880E-02	)	)
(	55.3 	(	-4.840494E-01	-2.596127E-03	-5.641980E-02	)	)
(	55.4 	(	-4.833048E-01	-3.294777E-03	-5.642473E-02	)	)
(	55.5 	(	-4.825593E-01	-3.988667E-03	-5.642360E-02	)	)
(	55.6 	(	-4.818131E-01	-4.677512E-03	-5.641643E-02	)	)
(	55.7 	(	-4.810663E-01	-5.361032E-03	-5.640326E-02	)	)
(	55.8 	(	-4.803189E-01	-6.038951E-03	-5.638411E-02	)	)
(	55.9 	(	-4.795712E-01	-6.710991E-03	-5.635899E-02	)	)
(	56.0 	(	-4.788233E-01	-7.376879E-03	-5.632795E-02	)	)
(	56.1 	(	-4.780753E-01	-8.036346E-03	-5.629101E-02	)	)
(	56.2 	(	-4.773272E-01	-8.689124E-03	-5.624819E-02	)	)
(	56.3 	(	-4.765794E-01	-9.334947E-03	-5.619953E-02	)	)
(	56.4 	(	-4.758318E-01	-9.973554E-03	-5.614507E-02	)	)
(	56.5 	(	-4.750846E-01	-1.060469E-02	-5.608482E-02	)	)
(	56.6 	(	-4.743379E-01	-1.122809E-02	-5.601883E-02	)	)
(	56.7 	(	-4.735919E-01	-1.184351E-02	-5.594712E-02	)	)
(	56.8 	(	-4.728467E-01	-1.245071E-02	-5.586974E-02	)	)
(	56.9 	(	-4.721023E-01	-1.304943E-02	-5.578672E-02	)	)
(	57.0 	(	-4.713591E-01	-1.363943E-02	-5.569809E-02	)	)
(	57.1 	(	-4.706170E-01	-1.422048E-02	-5.560390E-02	)	)
(	57.2 	(	-4.698763E-01	-1.479235E-02	-5.550418E-02	)	)
(	57.3 	(	-4.691370E-01	-1.535481E-02	-5.539898E-02	)	)
(	57.4 	(	-4.683992E-01	-1.590763E-02	-5.528832E-02	)	)
(	57.5 	(	-4.676632E-01	-1.645059E-02	-5.517226E-02	)	)
(	57.6 	(	-4.669290E-01	-1.698348E-02	-5.505083E-02	)	)
(	57.7 	(	-4.661968E-01	-1.750608E-02	-5.492408E-02	)	)
(	57.8 	(	-4.654666E-01	-1.801819E-02	-5.479206E-02	)	)
(	57.9 	(	-4.647387E-01	-1.851961E-02	-5.465480E-02	)	)
(	58.0 	(	-4.640132E-01	-1.901014E-02	-5.451235E-02	)	)
(	58.1 	(	-4.632902E-01	-1.948959E-02	-5.436476E-02	)	)
(	58.2 	(	-4.625698E-01	-1.995777E-02	-5.421208E-02	)	)
(	58.3 	(	-4.618521E-01	-2.041450E-02	-5.405435E-02	)	)
(	58.4 	(	-4.611374E-01	-2.085960E-02	-5.389162E-02	)	)
(	58.5 	(	-4.604257E-01	-2.129290E-02	-5.372394E-02	)	)
(	58.6 	(	-4.597171E-01	-2.171424E-02	-5.355137E-02	)	)
(	58.7 	(	-4.590118E-01	-2.212345E-02	-5.337394E-02	)	)
(	58.8 	(	-4.583100E-01	-2.252038E-02	-5.319172E-02	)	)
(	58.9 	(	-4.576117E-01	-2.290488E-02	-5.300475E-02	)	)
(	59.0 	(	-4.569170E-01	-2.327681E-02	-5.281309E-02	)	)
(	59.1 	(	-4.562262E-01	-2.363602E-02	-5.261680E-02	)	)
(	59.2 	(	-4.555393E-01	-2.398239E-02	-5.241591E-02	)	)
(	59.3 	(	-4.548565E-01	-2.431579E-02	-5.221050E-02	)	)
(	59.4 	(	-4.541779E-01	-2.463609E-02	-5.200062E-02	)	)
(	59.5 	(	-4.535037E-01	-2.494319E-02	-5.178632E-02	)	)
(	59.6 	(	-4.528339E-01	-2.523697E-02	-5.156765E-02	)	)
(	59.7 	(	-4.521686E-01	-2.551733E-02	-5.134469E-02	)	)
(	59.8 	(	-4.515081E-01	-2.578418E-02	-5.111747E-02	)	)
(	59.9 	(	-4.508525E-01	-2.603742E-02	-5.088607E-02	)	)
(	60.0 	(	-4.502018E-01	-2.627698E-02	-5.065055E-02	)	)
(	60.1 	(	-4.495562E-01	-2.650277E-02	-5.041095E-02	)	)
(	60.2 	(	-4.489158E-01	-2.671472E-02	-5.016735E-02	)	)
(	60.3 	(	-4.482808E-01	-2.691276E-02	-4.991980E-02	)	)
(	60.4 	(	-4.476513E-01	-2.709684E-02	-4.966836E-02	)	)
(	60.5 	(	-4.470274E-01	-2.726691E-02	-4.941310E-02	)	)
(	60.6 	(	-4.464092E-01	-2.742292E-02	-4.915408E-02	)	)
(	60.7 	(	-4.457968E-01	-2.756482E-02	-4.889136E-02	)	)
(	60.8 	(	-4.451904E-01	-2.769259E-02	-4.862500E-02	)	)
(	60.9 	(	-4.445901E-01	-2.780620E-02	-4.835507E-02	)	)
(	61.0 	(	-4.439960E-01	-2.790563E-02	-4.808164E-02	)	)
(	61.1 	(	-4.434083E-01	-2.799087E-02	-4.780475E-02	)	)
(	61.2 	(	-4.428270E-01	-2.806190E-02	-4.752449E-02	)	)
(	61.3 	(	-4.422522E-01	-2.811873E-02	-4.724091E-02	)	)
(	61.4 	(	-4.416842E-01	-2.816136E-02	-4.695409E-02	)	)
(	61.5 	(	-4.411230E-01	-2.818980E-02	-4.666408E-02	)	)
(	61.6 	(	-4.405687E-01	-2.820408E-02	-4.637096E-02	)	)
(	61.7 	(	-4.400214E-01	-2.820422E-02	-4.607478E-02	)	)
(	61.8 	(	-4.394813E-01	-2.819024E-02	-4.577563E-02	)	)
(	61.9 	(	-4.389484E-01	-2.816219E-02	-4.547356E-02	)	)
(	62.0 	(	-4.384230E-01	-2.812012E-02	-4.516864E-02	)	)
(	62.1 	(	-4.379050E-01	-2.806407E-02	-4.486093E-02	)	)
(	62.2 	(	-4.373946E-01	-2.799410E-02	-4.455052E-02	)	)
(	62.3 	(	-4.368919E-01	-2.791027E-02	-4.423746E-02	)	)
(	62.4 	(	-4.363970E-01	-2.781265E-02	-4.392183E-02	)	)
(	62.5 	(	-4.359101E-01	-2.770133E-02	-4.360369E-02	)	)
(	62.6 	(	-4.354312E-01	-2.757637E-02	-4.328311E-02	)	)
(	62.7 	(	-4.349604E-01	-2.743788E-02	-4.296016E-02	)	)
(	62.8 	(	-4.344979E-01	-2.728594E-02	-4.263491E-02	)	)
(	62.9 	(	-4.340437E-01	-2.712066E-02	-4.230742E-02	)	)
(	63.0 	(	-4.335980E-01	-2.694214E-02	-4.197778E-02	)	)
(	63.1 	(	-4.331608E-01	-2.675049E-02	-4.164604E-02	)	)
(	63.2 	(	-4.327322E-01	-2.654585E-02	-4.131228E-02	)	)
(	63.3 	(	-4.323124E-01	-2.632832E-02	-4.097657E-02	)	)
(	63.4 	(	-4.319014E-01	-2.609804E-02	-4.063898E-02	)	)
(	63.5 	(	-4.314993E-01	-2.585515E-02	-4.029957E-02	)	)
(	63.6 	(	-4.311063E-01	-2.559979E-02	-3.995842E-02	)	)
(	63.7 	(	-4.307223E-01	-2.533210E-02	-3.961559E-02	)	)
(	63.8 	(	-4.303476E-01	-2.505225E-02	-3.927116E-02	)	)
(	63.9 	(	-4.299822E-01	-2.476038E-02	-3.892520E-02	)	)
(	64.0 	(	-4.296261E-01	-2.445667E-02	-3.857777E-02	)	)
(	64.1 	(	-4.292796E-01	-2.414128E-02	-3.822894E-02	)	)
(	64.2 	(	-4.289426E-01	-2.381439E-02	-3.787879E-02	)	)
(	64.3 	(	-4.286152E-01	-2.347618E-02	-3.752739E-02	)	)
(	64.4 	(	-4.282975E-01	-2.312683E-02	-3.717480E-02	)	)
(	64.5 	(	-4.279897E-01	-2.276654E-02	-3.682110E-02	)	)
(	64.6 	(	-4.276917E-01	-2.239550E-02	-3.646634E-02	)	)
(	64.7 	(	-4.274037E-01	-2.201390E-02	-3.611061E-02	)	)
(	64.8 	(	-4.271257E-01	-2.162196E-02	-3.575398E-02	)	)
(	64.9 	(	-4.268578E-01	-2.121989E-02	-3.539650E-02	)	)
(	65.0 	(	-4.266001E-01	-2.080789E-02	-3.503825E-02	)	)
(	65.1 	(	-4.263526E-01	-2.038619E-02	-3.467930E-02	)	)
(	65.2 	(	-4.261155E-01	-1.995500E-02	-3.431971E-02	)	)
(	65.3 	(	-4.258887E-01	-1.951456E-02	-3.395956E-02	)	)
(	65.4 	(	-4.256725E-01	-1.906510E-02	-3.359891E-02	)	)
(	65.5 	(	-4.254667E-01	-1.860685E-02	-3.323783E-02	)	)
(	65.6 	(	-4.252715E-01	-1.814005E-02	-3.287638E-02	)	)
(	65.7 	(	-4.250869E-01	-1.766495E-02	-3.251464E-02	)	)
(	65.8 	(	-4.249131E-01	-1.718178E-02	-3.215267E-02	)	)
(	65.9 	(	-4.247500E-01	-1.669080E-02	-3.179054E-02	)	)
(	66.0 	(	-4.245977E-01	-1.619227E-02	-3.142831E-02	)	)
(	66.1 	(	-4.244563E-01	-1.568644E-02	-3.106605E-02	)	)
(	66.2 	(	-4.243258E-01	-1.517356E-02	-3.070383E-02	)	)
(	66.3 	(	-4.242062E-01	-1.465391E-02	-3.034170E-02	)	)
(	66.4 	(	-4.240977E-01	-1.412775E-02	-2.997974E-02	)	)
(	66.5 	(	-4.240003E-01	-1.359534E-02	-2.961801E-02	)	)
(	66.6 	(	-4.239139E-01	-1.305696E-02	-2.925657E-02	)	)
(	66.7 	(	-4.238387E-01	-1.251289E-02	-2.889549E-02	)	)
(	66.8 	(	-4.237747E-01	-1.196339E-02	-2.853482E-02	)	)
(	66.9 	(	-4.237220E-01	-1.140874E-02	-2.817464E-02	)	)
(	67.0 	(	-4.236805E-01	-1.084924E-02	-2.781500E-02	)	)
(	67.1 	(	-4.236503E-01	-1.028516E-02	-2.745597E-02	)	)
(	67.2 	(	-4.236314E-01	-9.716777E-03	-2.709761E-02	)	)
(	67.3 	(	-4.236239E-01	-9.144389E-03	-2.673998E-02	)	)
(	67.4 	(	-4.236278E-01	-8.568280E-03	-2.638313E-02	)	)
(	67.5 	(	-4.236431E-01	-7.988739E-03	-2.602713E-02	)	)
(	67.6 	(	-4.236699E-01	-7.406058E-03	-2.567204E-02	)	)
(	67.7 	(	-4.237082E-01	-6.820529E-03	-2.531792E-02	)	)
(	67.8 	(	-4.237579E-01	-6.232444E-03	-2.496482E-02	)	)
(	67.9 	(	-4.238192E-01	-5.642098E-03	-2.461280E-02	)	)
(	68.0 	(	-4.238919E-01	-5.049786E-03	-2.426192E-02	)	)
(	68.1 	(	-4.239763E-01	-4.455802E-03	-2.391224E-02	)	)
(	68.2 	(	-4.240722E-01	-3.860443E-03	-2.356381E-02	)	)
(	68.3 	(	-4.241796E-01	-3.264005E-03	-2.321669E-02	)	)
(	68.4 	(	-4.242987E-01	-2.666786E-03	-2.287092E-02	)	)
(	68.5 	(	-4.244293E-01	-2.069081E-03	-2.252657E-02	)	)
(	68.6 	(	-4.245716E-01	-1.471187E-03	-2.218369E-02	)	)
(	68.7 	(	-4.247254E-01	-8.734001E-04	-2.184233E-02	)	)
(	68.8 	(	-4.248908E-01	-2.760174E-04	-2.150255E-02	)	)
(	68.9 	(	-4.250679E-01	3.206660E-04	-2.116439E-02	)	)
(	69.0 	(	-4.252565E-01	9.163548E-04	-2.082790E-02	)	)
(	69.1 	(	-4.254567E-01	1.510755E-03	-2.049314E-02	)	)
(	69.2 	(	-4.256685E-01	2.103573E-03	-2.016015E-02	)	)
(	69.3 	(	-4.258919E-01	2.694516E-03	-1.982899E-02	)	)
(	69.4 	(	-4.261268E-01	3.283294E-03	-1.949969E-02	)	)
(	69.5 	(	-4.263733E-01	3.869615E-03	-1.917232E-02	)	)
(	69.6 	(	-4.266314E-01	4.453192E-03	-1.884690E-02	)	)
(	69.7 	(	-4.269009E-01	5.033738E-03	-1.852350E-02	)	)
(	69.8 	(	-4.271820E-01	5.610967E-03	-1.820216E-02	)	)
(	69.9 	(	-4.274745E-01	6.184596E-03	-1.788291E-02	)	)
(	70.0 	(	-4.277785E-01	6.754343E-03	-1.756580E-02	)	)
(	70.1 	(	-4.280939E-01	7.319929E-03	-1.725088E-02	)	)
(	70.2 	(	-4.284207E-01	7.881077E-03	-1.693818E-02	)	)
(	70.3 	(	-4.287589E-01	8.437512E-03	-1.662776E-02	)	)
(	70.4 	(	-4.291085E-01	8.988961E-03	-1.631964E-02	)	)
(	70.5 	(	-4.294693E-01	9.535154E-03	-1.601386E-02	)	)
(	70.6 	(	-4.298415E-01	1.007583E-02	-1.571048E-02	)	)
(	70.7 	(	-4.302248E-01	1.061071E-02	-1.540951E-02	)	)
(	70.8 	(	-4.306194E-01	1.113955E-02	-1.511101E-02	)	)
(	70.9 	(	-4.310251E-01	1.166208E-02	-1.481500E-02	)	)
(	71.0 	(	-4.314419E-01	1.217805E-02	-1.452152E-02	)	)
(	71.1 	(	-4.318698E-01	1.268721E-02	-1.423061E-02	)	)
(	71.2 	(	-4.323087E-01	1.318930E-02	-1.394230E-02	)	)
(	71.3 	(	-4.327586E-01	1.368410E-02	-1.365662E-02	)	)
(	71.4 	(	-4.332193E-01	1.417134E-02	-1.337360E-02	)	)
(	71.5 	(	-4.336910E-01	1.465080E-02	-1.309328E-02	)	)
(	71.6 	(	-4.341735E-01	1.512225E-02	-1.281568E-02	)	)
(	71.7 	(	-4.346667E-01	1.558545E-02	-1.254084E-02	)	)
(	71.8 	(	-4.351706E-01	1.604018E-02	-1.226878E-02	)	)
(	71.9 	(	-4.356851E-01	1.648622E-02	-1.199953E-02	)	)
(	72.0 	(	-4.362102E-01	1.692334E-02	-1.173311E-02	)	)
(	72.1 	(	-4.367457E-01	1.735135E-02	-1.146955E-02	)	)
(	72.2 	(	-4.372917E-01	1.777003E-02	-1.120889E-02	)	)
(	72.3 	(	-4.378481E-01	1.817918E-02	-1.095113E-02	)	)
(	72.4 	(	-4.384148E-01	1.857859E-02	-1.069630E-02	)	)
(	72.5 	(	-4.389917E-01	1.896809E-02	-1.044443E-02	)	)
(	72.6 	(	-4.395787E-01	1.934747E-02	-1.019554E-02	)	)
(	72.7 	(	-4.401758E-01	1.971655E-02	-9.949637E-03	)	)
(	72.8 	(	-4.407828E-01	2.007515E-02	-9.706753E-03	)	)
(	72.9 	(	-4.413998E-01	2.042311E-02	-9.466903E-03	)	)
(	73.0 	(	-4.420266E-01	2.076025E-02	-9.230104E-03	)	)
(	73.1 	(	-4.426631E-01	2.108640E-02	-8.996373E-03	)	)
(	73.2 	(	-4.433093E-01	2.140142E-02	-8.765724E-03	)	)
(	73.3 	(	-4.439650E-01	2.170514E-02	-8.538174E-03	)	)
(	73.4 	(	-4.446303E-01	2.199742E-02	-8.313734E-03	)	)
(	73.5 	(	-4.453048E-01	2.227812E-02	-8.092419E-03	)	)
(	73.6 	(	-4.459887E-01	2.254710E-02	-7.874239E-03	)	)
(	73.7 	(	-4.466818E-01	2.280423E-02	-7.659207E-03	)	)
(	73.8 	(	-4.473840E-01	2.304939E-02	-7.447331E-03	)	)
(	73.9 	(	-4.480951E-01	2.328246E-02	-7.238622E-03	)	)
(	74.0 	(	-4.488152E-01	2.350332E-02	-7.033086E-03	)	)
(	74.1 	(	-4.495440E-01	2.371186E-02	-6.830732E-03	)	)
(	74.2 	(	-4.502815E-01	2.390799E-02	-6.631566E-03	)	)
(	74.3 	(	-4.510277E-01	2.409161E-02	-6.435592E-03	)	)
(	74.4 	(	-4.517822E-01	2.426263E-02	-6.242816E-03	)	)
(	74.5 	(	-4.525452E-01	2.442097E-02	-6.053240E-03	)	)
(	74.6 	(	-4.533164E-01	2.456654E-02	-5.866868E-03	)	)
(	74.7 	(	-4.540958E-01	2.469928E-02	-5.683702E-03	)	)
(	74.8 	(	-4.548832E-01	2.481911E-02	-5.503741E-03	)	)
(	74.9 	(	-4.556785E-01	2.492599E-02	-5.326986E-03	)	)
(	75.0 	(	-4.564816E-01	2.501986E-02	-5.153436E-03	)	)
(	75.1 	(	-4.572923E-01	2.510066E-02	-4.983088E-03	)	)
(	75.2 	(	-4.581107E-01	2.516837E-02	-4.815941E-03	)	)
(	75.3 	(	-4.589365E-01	2.522293E-02	-4.651989E-03	)	)
(	75.4 	(	-4.597696E-01	2.526434E-02	-4.491229E-03	)	)
(	75.5 	(	-4.606099E-01	2.529255E-02	-4.333655E-03	)	)
(	75.6 	(	-4.614572E-01	2.530757E-02	-4.179260E-03	)	)
(	75.7 	(	-4.623115E-01	2.530936E-02	-4.028037E-03	)	)
(	75.8 	(	-4.631726E-01	2.529794E-02	-3.879978E-03	)	)
(	75.9 	(	-4.640404E-01	2.527331E-02	-3.735073E-03	)	)
(	76.0 	(	-4.649148E-01	2.523546E-02	-3.593314E-03	)	)
(	76.1 	(	-4.657956E-01	2.518442E-02	-3.454688E-03	)	)
(	76.2 	(	-4.666826E-01	2.512021E-02	-3.319184E-03	)	)
(	76.3 	(	-4.675758E-01	2.504285E-02	-3.186790E-03	)	)
(	76.4 	(	-4.684751E-01	2.495238E-02	-3.057492E-03	)	)
(	76.5 	(	-4.693802E-01	2.484884E-02	-2.931275E-03	)	)
(	76.6 	(	-4.702910E-01	2.473226E-02	-2.808126E-03	)	)
(	76.7 	(	-4.712075E-01	2.460271E-02	-2.688027E-03	)	)
(	76.8 	(	-4.721294E-01	2.446023E-02	-2.570962E-03	)	)
(	76.9 	(	-4.730566E-01	2.430489E-02	-2.456914E-03	)	)
(	77.0 	(	-4.739890E-01	2.413676E-02	-2.345864E-03	)	)
(	77.1 	(	-4.749264E-01	2.395592E-02	-2.237792E-03	)	)
(	77.2 	(	-4.758687E-01	2.376244E-02	-2.132679E-03	)	)
(	77.3 	(	-4.768158E-01	2.355641E-02	-2.030504E-03	)	)
(	77.4 	(	-4.777675E-01	2.333792E-02	-1.931245E-03	)	)
(	77.5 	(	-4.787236E-01	2.310706E-02	-1.834881E-03	)	)
(	77.6 	(	-4.796840E-01	2.286396E-02	-1.741386E-03	)	)
(	77.7 	(	-4.806485E-01	2.260870E-02	-1.650739E-03	)	)
(	77.8 	(	-4.816171E-01	2.234140E-02	-1.562914E-03	)	)
(	77.9 	(	-4.825895E-01	2.206219E-02	-1.477885E-03	)	)
(	78.0 	(	-4.835656E-01	2.177119E-02	-1.395627E-03	)	)
(	78.1 	(	-4.845452E-01	2.146853E-02	-1.316113E-03	)	)
(	78.2 	(	-4.855283E-01	2.115435E-02	-1.239315E-03	)	)
(	78.3 	(	-4.865145E-01	2.082878E-02	-1.165204E-03	)	)
(	78.4 	(	-4.875039E-01	2.049197E-02	-1.093752E-03	)	)
(	78.5 	(	-4.884961E-01	2.014407E-02	-1.024929E-03	)	)
(	78.6 	(	-4.894912E-01	1.978524E-02	-9.587048E-04	)	)
(	78.7 	(	-4.904888E-01	1.941563E-02	-8.950478E-04	)	)
(	78.8 	(	-4.914889E-01	1.903542E-02	-8.339265E-04	)	)
(	78.9 	(	-4.924913E-01	1.864477E-02	-7.753086E-04	)	)
(	79.0 	(	-4.934958E-01	1.824386E-02	-7.191608E-04	)	)
(	79.1 	(	-4.945023E-01	1.783286E-02	-6.654497E-04	)	)
(	79.2 	(	-4.955106E-01	1.741196E-02	-6.141409E-04	)	)
(	79.3 	(	-4.965206E-01	1.698135E-02	-5.651994E-04	)	)
(	79.4 	(	-4.975320E-01	1.654121E-02	-5.185899E-04	)	)
(	79.5 	(	-4.985448E-01	1.609175E-02	-4.742760E-04	)	)
(	79.6 	(	-4.995588E-01	1.563316E-02	-4.322213E-04	)	)
(	79.7 	(	-5.005738E-01	1.516565E-02	-3.923883E-04	)	)
(	79.8 	(	-5.015896E-01	1.468942E-02	-3.547394E-04	)	)
(	79.9 	(	-5.026061E-01	1.420469E-02	-3.192361E-04	)	)
(	80.0 	(	-5.036232E-01	1.371167E-02	-2.858396E-04	)	)
(	80.1 	(	-5.046406E-01	1.321058E-02	-2.545104E-04	)	)
(	80.2 	(	-5.056582E-01	1.270164E-02	-2.252086E-04	)	)
(	80.3 	(	-5.066758E-01	1.218507E-02	-1.978938E-04	)	)
(	80.4 	(	-5.076933E-01	1.166110E-02	-1.725251E-04	)	)
(	80.5 	(	-5.087105E-01	1.112997E-02	-1.490610E-04	)	)
(	80.6 	(	-5.097273E-01	1.059191E-02	-1.274598E-04	)	)
(	80.7 	(	-5.107435E-01	1.004715E-02	-1.076791E-04	)	)
(	80.8 	(	-5.117588E-01	9.495938E-03	-8.967625E-05	)	)
(	80.9 	(	-5.127732E-01	8.938510E-03	-7.340797E-05	)	)
(	81.0 	(	-5.137866E-01	8.375111E-03	-5.883073E-05	)	)
(	81.1 	(	-5.147986E-01	7.805989E-03	-4.590054E-05	)	)
(	81.2 	(	-5.158092E-01	7.231392E-03	-3.457306E-05	)	)
(	81.3 	(	-5.168182E-01	6.651572E-03	-2.480352E-05	)	)
(	81.4 	(	-5.178255E-01	6.066781E-03	-1.654683E-05	)	)
(	81.5 	(	-5.188308E-01	5.477274E-03	-9.757538E-06	)	)
(	81.6 	(	-5.198340E-01	4.883306E-03	-4.389853E-06	)	)
(	81.7 	(	-5.208350E-01	4.285137E-03	-3.976669E-07	)	)
(	81.8 	(	-5.218336E-01	3.683025E-03	2.265439E-06	)	)
(	81.9 	(	-5.228296E-01	3.077230E-03	3.646177E-06	)	)
(	82.0 	(	-5.238229E-01	2.468016E-03	3.791545E-06	)	)
(	82.1 	(	-5.248133E-01	1.855644E-03	2.748805E-06	)	)
(	82.2 	(	-5.258007E-01	1.240378E-03	5.654774E-07	)	)
(	82.3 	(	-5.267848E-01	6.224829E-04	-2.710678E-06	)	)
(	82.4 	(	-5.277656E-01	2.224249E-06	-7.031672E-06	)	)
(	82.5 	(	-5.287428E-01	-6.201324E-04	-1.234930E-05	)	)
(	82.6 	(	-5.297163E-01	-1.244321E-03	-1.861517E-05	)	)
(	82.7 	(	-5.306860E-01	-1.870075E-03	-2.578068E-05	)	)
(	82.8 	(	-5.316517E-01	-2.497127E-03	-3.379708E-05	)	)
(	82.9 	(	-5.326132E-01	-3.125211E-03	-4.261544E-05	)	)
(	83.0 	(	-5.335704E-01	-3.754061E-03	-5.218671E-05	)	)
(	83.1 	(	-5.345232E-01	-4.383409E-03	-6.246168E-05	)	)
(	83.2 	(	-5.354713E-01	-5.012991E-03	-7.339104E-05	)	)
(	83.3 	(	-5.364146E-01	-5.642539E-03	-8.492538E-05	)	)
(	83.4 	(	-5.373530E-01	-6.271790E-03	-9.701519E-05	)	)
(	83.5 	(	-5.382863E-01	-6.900479E-03	-1.096109E-04	)	)
(	83.6 	(	-5.392144E-01	-7.528343E-03	-1.226629E-04	)	)
(	83.7 	(	-5.401371E-01	-8.155119E-03	-1.361214E-04	)	)
(	83.8 	(	-5.410542E-01	-8.780547E-03	-1.499368E-04	)	)
(	83.9 	(	-5.419657E-01	-9.404365E-03	-1.640593E-04	)	)
(	84.0 	(	-5.428713E-01	-1.002632E-02	-1.784392E-04	)	)
(	84.1 	(	-5.437710E-01	-1.064614E-02	-1.930267E-04	)	)
(	84.2 	(	-5.446645E-01	-1.126359E-02	-2.077722E-04	)	)
(	84.3 	(	-5.455518E-01	-1.187840E-02	-2.226259E-04	)	)
(	84.4 	(	-5.464326E-01	-1.249032E-02	-2.375383E-04	)	)
(	84.5 	(	-5.473069E-01	-1.309911E-02	-2.524597E-04	)	)
(	84.6 	(	-5.481745E-01	-1.370451E-02	-2.673408E-04	)	)
(	84.7 	(	-5.490352E-01	-1.430628E-02	-2.821321E-04	)	)
(	84.8 	(	-5.498889E-01	-1.490417E-02	-2.967844E-04	)	)
(	84.9 	(	-5.507356E-01	-1.549795E-02	-3.112485E-04	)	)
(	85.0 	(	-5.515750E-01	-1.608737E-02	-3.254754E-04	)	)
(	85.1 	(	-5.524070E-01	-1.667220E-02	-3.394162E-04	)	)
(	85.2 	(	-5.532314E-01	-1.725221E-02	-3.530223E-04	)	)
(	85.3 	(	-5.540482E-01	-1.782716E-02	-3.662451E-04	)	)
(	85.4 	(	-5.548572E-01	-1.839683E-02	-3.790363E-04	)	)
(	85.5 	(	-5.556583E-01	-1.896099E-02	-3.913477E-04	)	)
(	85.6 	(	-5.564514E-01	-1.951942E-02	-4.031314E-04	)	)
(	85.7 	(	-5.572362E-01	-2.007190E-02	-4.143398E-04	)	)
(	85.8 	(	-5.580128E-01	-2.061822E-02	-4.249254E-04	)	)
(	85.9 	(	-5.587809E-01	-2.115817E-02	-4.348411E-04	)	)
(	86.0 	(	-5.595405E-01	-2.169153E-02	-4.440398E-04	)	)
(	86.1 	(	-5.602914E-01	-2.221810E-02	-4.524751E-04	)	)
(	86.2 	(	-5.610335E-01	-2.273769E-02	-4.601006E-04	)	)
(	86.3 	(	-5.617666E-01	-2.325009E-02	-4.668703E-04	)	)
(	86.4 	(	-5.624908E-01	-2.375511E-02	-4.727385E-04	)	)
(	86.5 	(	-5.632058E-01	-2.425256E-02	-4.776598E-04	)	)
(	86.6 	(	-5.639115E-01	-2.474226E-02	-4.815892E-04	)	)
(	86.7 	(	-5.646079E-01	-2.522403E-02	-4.844822E-04	)	)
(	86.8 	(	-5.652947E-01	-2.569769E-02	-4.862944E-04	)	)
(	86.9 	(	-5.659720E-01	-2.616306E-02	-4.869820E-04	)	)
(	87.0 	(	-5.666395E-01	-2.661998E-02	-4.865015E-04	)	)
(	87.1 	(	-5.672972E-01	-2.706828E-02	-4.848099E-04	)	)
(	87.2 	(	-5.679451E-01	-2.750781E-02	-4.818645E-04	)	)
(	87.3 	(	-5.685828E-01	-2.793841E-02	-4.776231E-04	)	)
(	87.4 	(	-5.692105E-01	-2.835992E-02	-4.720440E-04	)	)
(	87.5 	(	-5.698280E-01	-2.877221E-02	-4.650860E-04	)	)
(	87.6 	(	-5.704351E-01	-2.917513E-02	-4.567081E-04	)	)
(	87.7 	(	-5.710318E-01	-2.956855E-02	-4.468702E-04	)	)
(	87.8 	(	-5.716180E-01	-2.995233E-02	-4.355323E-04	)	)
(	87.9 	(	-5.721936E-01	-3.032635E-02	-4.226552E-04	)	)
(	88.0 	(	-5.727585E-01	-3.069048E-02	-4.082001E-04	)	)
(	88.1 	(	-5.733126E-01	-3.104461E-02	-3.921286E-04	)	)
(	88.2 	(	-5.738558E-01	-3.138863E-02	-3.744032E-04	)	)
(	88.3 	(	-5.743881E-01	-3.172243E-02	-3.549866E-04	)	)
(	88.4 	(	-5.749094E-01	-3.204591E-02	-3.338423E-04	)	)
(	88.5 	(	-5.754195E-01	-3.235897E-02	-3.109342E-04	)	)
(	88.6 	(	-5.759185E-01	-3.266152E-02	-2.862268E-04	)	)
(	88.7 	(	-5.764061E-01	-3.295348E-02	-2.596854E-04	)	)
(	88.8 	(	-5.768824E-01	-3.323476E-02	-2.312757E-04	)	)
(	88.9 	(	-5.773473E-01	-3.350528E-02	-2.009641E-04	)	)
(	89.0 	(	-5.778007E-01	-3.376499E-02	-1.687177E-04	)	)
(	89.1 	(	-5.782426E-01	-3.401380E-02	-1.345040E-04	)	)
(	89.2 	(	-5.786728E-01	-3.425166E-02	-9.829135E-05	)	)
(	89.3 	(	-5.790913E-01	-3.447852E-02	-6.004874E-05	)	)
(	89.4 	(	-5.794980E-01	-3.469433E-02	-1.974577E-05	)	)
(	89.5 	(	-5.798929E-01	-3.489904E-02	2.264726E-05	)	)
(	89.6 	(	-5.802760E-01	-3.509261E-02	6.715938E-05	)	)
(	89.7 	(	-5.806471E-01	-3.527501E-02	1.138189E-04	)	)
(	89.8 	(	-5.810062E-01	-3.544622E-02	1.626535E-04	)	)
(	89.9 	(	-5.813533E-01	-3.560620E-02	2.136900E-04	)	)
(	90.0 	(	-5.816882E-01	-3.575494E-02	2.669547E-04	)	)
(	90.1 	(	-5.820111E-01	-3.589242E-02	3.224730E-04	)	)
(	90.2 	(	-5.823217E-01	-3.601865E-02	3.802696E-04	)	)
(	90.3 	(	-5.826201E-01	-3.613362E-02	4.403686E-04	)	)
(	90.4 	(	-5.829063E-01	-3.623732E-02	5.027932E-04	)	)
(	90.5 	(	-5.831801E-01	-3.632978E-02	5.675659E-04	)	)
(	90.6 	(	-5.834415E-01	-3.641100E-02	6.347084E-04	)	)
(	90.7 	(	-5.836906E-01	-3.648101E-02	7.042416E-04	)	)
(	90.8 	(	-5.839272E-01	-3.653981E-02	7.761857E-04	)	)
(	90.9 	(	-5.841514E-01	-3.658746E-02	8.505602E-04	)	)
(	91.0 	(	-5.843631E-01	-3.662397E-02	9.273835E-04	)	)
(	91.1 	(	-5.845623E-01	-3.664940E-02	1.006673E-03	)	)
(	91.2 	(	-5.847490E-01	-3.666377E-02	1.088447E-03	)	)
(	91.3 	(	-5.849231E-01	-3.666715E-02	1.172721E-03	)	)
(	91.4 	(	-5.850846E-01	-3.665958E-02	1.259509E-03	)	)
(	91.5 	(	-5.852335E-01	-3.664113E-02	1.348828E-03	)	)
(	91.6 	(	-5.853698E-01	-3.661186E-02	1.440690E-03	)	)
(	91.7 	(	-5.854934E-01	-3.657183E-02	1.535108E-03	)	)
(	91.8 	(	-5.856045E-01	-3.652113E-02	1.632094E-03	)	)
(	91.9 	(	-5.857028E-01	-3.645982E-02	1.731661E-03	)	)
(	92.0 	(	-5.857885E-01	-3.638800E-02	1.833817E-03	)	)
(	92.1 	(	-5.858616E-01	-3.630575E-02	1.938572E-03	)	)
(	92.2 	(	-5.859220E-01	-3.621315E-02	2.045935E-03	)	)
(	92.3 	(	-5.859697E-01	-3.611032E-02	2.155915E-03	)	)
(	92.4 	(	-5.860047E-01	-3.599734E-02	2.268517E-03	)	)
(	92.5 	(	-5.860271E-01	-3.587432E-02	2.383748E-03	)	)
(	92.6 	(	-5.860368E-01	-3.574138E-02	2.501613E-03	)	)
(	92.7 	(	-5.860339E-01	-3.559862E-02	2.622116E-03	)	)
(	92.8 	(	-5.860183E-01	-3.544616E-02	2.745261E-03	)	)
(	92.9 	(	-5.859901E-01	-3.528413E-02	2.871050E-03	)	)
(	93.0 	(	-5.859493E-01	-3.511265E-02	2.999486E-03	)	)
(	93.1 	(	-5.858959E-01	-3.493184E-02	3.130568E-03	)	)
(	93.2 	(	-5.858299E-01	-3.474185E-02	3.264297E-03	)	)
(	93.3 	(	-5.857513E-01	-3.454281E-02	3.400671E-03	)	)
(	93.4 	(	-5.856603E-01	-3.433485E-02	3.539690E-03	)	)
(	93.5 	(	-5.855567E-01	-3.411813E-02	3.681349E-03	)	)
(	93.6 	(	-5.854406E-01	-3.389279E-02	3.825646E-03	)	)
(	93.7 	(	-5.853121E-01	-3.365899E-02	3.972576E-03	)	)
(	93.8 	(	-5.851711E-01	-3.341687E-02	4.122134E-03	)	)
(	93.9 	(	-5.850178E-01	-3.316659E-02	4.274312E-03	)	)
(	94.0 	(	-5.848521E-01	-3.290832E-02	4.429105E-03	)	)
(	94.1 	(	-5.846741E-01	-3.264221E-02	4.586504E-03	)	)
(	94.2 	(	-5.844838E-01	-3.236844E-02	4.746499E-03	)	)
(	94.3 	(	-5.842813E-01	-3.208717E-02	4.909082E-03	)	)
(	94.4 	(	-5.840666E-01	-3.179857E-02	5.074240E-03	)	)
(	94.5 	(	-5.838398E-01	-3.150283E-02	5.241963E-03	)	)
(	94.6 	(	-5.836008E-01	-3.120011E-02	5.412239E-03	)	)
(	94.7 	(	-5.833499E-01	-3.089060E-02	5.585053E-03	)	)
(	94.8 	(	-5.830869E-01	-3.057448E-02	5.760391E-03	)	)
(	94.9 	(	-5.828120E-01	-3.025193E-02	5.938237E-03	)	)
(	95.0 	(	-5.825252E-01	-2.992314E-02	6.118577E-03	)	)
(	95.1 	(	-5.822266E-01	-2.958830E-02	6.301393E-03	)	)
(	95.2 	(	-5.819163E-01	-2.924760E-02	6.486667E-03	)	)
(	95.3 	(	-5.815942E-01	-2.890122E-02	6.674380E-03	)	)
(	95.4 	(	-5.812606E-01	-2.854937E-02	6.864513E-03	)	)
(	95.5 	(	-5.809153E-01	-2.819223E-02	7.057045E-03	)	)
(	95.6 	(	-5.805586E-01	-2.783001E-02	7.251955E-03	)	)
(	95.7 	(	-5.801904E-01	-2.746291E-02	7.449221E-03	)	)
(	95.8 	(	-5.798109E-01	-2.709111E-02	7.648819E-03	)	)
(	95.9 	(	-5.794201E-01	-2.671483E-02	7.850726E-03	)	)
(	96.0 	(	-5.790181E-01	-2.633427E-02	8.054916E-03	)	)
(	96.1 	(	-5.786049E-01	-2.594963E-02	8.261365E-03	)	)
(	96.2 	(	-5.781807E-01	-2.556110E-02	8.470046E-03	)	)
(	96.3 	(	-5.777456E-01	-2.516890E-02	8.680931E-03	)	)
(	96.4 	(	-5.772995E-01	-2.477324E-02	8.893993E-03	)	)
(	96.5 	(	-5.768427E-01	-2.437430E-02	9.109202E-03	)	)
(	96.6 	(	-5.763752E-01	-2.397232E-02	9.326529E-03	)	)
(	96.7 	(	-5.758970E-01	-2.356748E-02	9.545943E-03	)	)
(	96.8 	(	-5.754083E-01	-2.315999E-02	9.767412E-03	)	)
(	96.9 	(	-5.749092E-01	-2.275006E-02	9.990904E-03	)	)
(	97.0 	(	-5.743997E-01	-2.233791E-02	1.021639E-02	)	)
(	97.1 	(	-5.738800E-01	-2.192373E-02	1.044383E-02	)	)
(	97.2 	(	-5.733501E-01	-2.150772E-02	1.067319E-02	)	)
(	97.3 	(	-5.728102E-01	-2.109011E-02	1.090444E-02	)	)
(	97.4 	(	-5.722603E-01	-2.067108E-02	1.113754E-02	)	)
(	97.5 	(	-5.717006E-01	-2.025085E-02	1.137245E-02	)	)
(	97.6 	(	-5.711311E-01	-1.982962E-02	1.160913E-02	)	)
(	97.7 	(	-5.705520E-01	-1.940759E-02	1.184756E-02	)	)
(	97.8 	(	-5.699634E-01	-1.898497E-02	1.208768E-02	)	)
(	97.9 	(	-5.693653E-01	-1.856196E-02	1.232947E-02	)	)
(	98.0 	(	-5.687579E-01	-1.813876E-02	1.257287E-02	)	)
(	98.1 	(	-5.681413E-01	-1.771556E-02	1.281784E-02	)	)
(	98.2 	(	-5.675156E-01	-1.729257E-02	1.306435E-02	)	)
(	98.3 	(	-5.668810E-01	-1.686999E-02	1.331235E-02	)	)
(	98.4 	(	-5.662374E-01	-1.644800E-02	1.356180E-02	)	)
(	98.5 	(	-5.655852E-01	-1.602680E-02	1.381266E-02	)	)
(	98.6 	(	-5.649243E-01	-1.560659E-02	1.406487E-02	)	)
(	98.7 	(	-5.642549E-01	-1.518755E-02	1.431840E-02	)	)
(	98.8 	(	-5.635771E-01	-1.476988E-02	1.457319E-02	)	)
(	98.9 	(	-5.628911E-01	-1.435375E-02	1.482921E-02	)	)
(	99.0 	(	-5.621969E-01	-1.393936E-02	1.508640E-02	)	)
(	99.1 	(	-5.614948E-01	-1.352689E-02	1.534471E-02	)	)
(	99.2 	(	-5.607847E-01	-1.311651E-02	1.560411E-02	)	)
(	99.3 	(	-5.600669E-01	-1.270841E-02	1.586453E-02	)	)
(	99.4 	(	-5.593414E-01	-1.230276E-02	1.612592E-02	)	)
(	99.5 	(	-5.586084E-01	-1.189974E-02	1.638825E-02	)	)
(	99.6 	(	-5.578681E-01	-1.149951E-02	1.665145E-02	)	)
(	99.7 	(	-5.571206E-01	-1.110224E-02	1.691547E-02	)	)
(	99.8 	(	-5.563659E-01	-1.070811E-02	1.718027E-02	)	)
(	99.9 	(	-5.556043E-01	-1.031727E-02	1.744579E-02	)	)
(	100.0 	(	-5.548358E-01	-9.929880E-03	1.771198E-02	)	)
(	100.1 	(	-5.540606E-01	-9.546100E-03	1.797878E-02	)	)
(	100.2 	(	-5.532789E-01	-9.166085E-03	1.824614E-02	)	)
(	100.3 	(	-5.524907E-01	-8.789985E-03	1.851400E-02	)	)
(	100.4 	(	-5.516963E-01	-8.417948E-03	1.878231E-02	)	)
(	100.5 	(	-5.508957E-01	-8.050119E-03	1.905102E-02	)	)
(	100.6 	(	-5.500892E-01	-7.686641E-03	1.932006E-02	)	)
(	100.7 	(	-5.492767E-01	-7.327650E-03	1.958938E-02	)	)
(	100.8 	(	-5.484586E-01	-6.973283E-03	1.985893E-02	)	)
(	100.9 	(	-5.476348E-01	-6.623671E-03	2.012865E-02	)	)
(	101.0 	(	-5.468056E-01	-6.278942E-03	2.039847E-02	)	)
(	101.1 	(	-5.459712E-01	-5.939222E-03	2.066835E-02	)	)
(	101.2 	(	-5.451316E-01	-5.604630E-03	2.093821E-02	)	)
(	101.3 	(	-5.442870E-01	-5.275286E-03	2.120801E-02	)	)
(	101.4 	(	-5.434376E-01	-4.951302E-03	2.147769E-02	)	)
(	101.5 	(	-5.425834E-01	-4.632789E-03	2.174718E-02	)	)
(	101.6 	(	-5.417247E-01	-4.319853E-03	2.201642E-02	)	)
(	101.7 	(	-5.408616E-01	-4.012598E-03	2.228536E-02	)	)
(	101.8 	(	-5.399942E-01	-3.711122E-03	2.255393E-02	)	)
(	101.9 	(	-5.391228E-01	-3.415520E-03	2.282207E-02	)	)
(	102.0 	(	-5.382474E-01	-3.125883E-03	2.308973E-02	)	)
(	102.1 	(	-5.373681E-01	-2.842300E-03	2.335684E-02	)	)
(	102.2 	(	-5.364852E-01	-2.564852E-03	2.362333E-02	)	)
(	102.3 	(	-5.355988E-01	-2.293619E-03	2.388915E-02	)	)
(	102.4 	(	-5.347091E-01	-2.028677E-03	2.415424E-02	)	)
(	102.5 	(	-5.338161E-01	-1.770098E-03	2.441853E-02	)	)
(	102.6 	(	-5.329201E-01	-1.517948E-03	2.468196E-02	)	)
(	102.7 	(	-5.320212E-01	-1.272291E-03	2.494447E-02	)	)
(	102.8 	(	-5.311196E-01	-1.033186E-03	2.520599E-02	)	)
(	102.9 	(	-5.302154E-01	-8.006882E-04	2.546647E-02	)	)
(	103.0 	(	-5.293087E-01	-5.748490E-04	2.572583E-02	)	)
(	103.1 	(	-5.283997E-01	-3.557151E-04	2.598402E-02	)	)
(	103.2 	(	-5.274887E-01	-1.433296E-04	2.624097E-02	)	)
(	103.3 	(	-5.265756E-01	6.226881E-05	2.649662E-02	)	)
(	103.4 	(	-5.256607E-01	2.610453E-04	2.675091E-02	)	)
(	103.5 	(	-5.247441E-01	4.529693E-04	2.700377E-02	)	)
(	103.6 	(	-5.238260E-01	6.380142E-04	2.725513E-02	)	)
(	103.7 	(	-5.229066E-01	8.161577E-04	2.750494E-02	)	)
(	103.8 	(	-5.219859E-01	9.873813E-04	2.775314E-02	)	)
(	103.9 	(	-5.210642E-01	1.151671E-03	2.799965E-02	)	)
(	104.0 	(	-5.201416E-01	1.309016E-03	2.824441E-02	)	)
(	104.1 	(	-5.192182E-01	1.459410E-03	2.848737E-02	)	)
(	104.2 	(	-5.182942E-01	1.602852E-03	2.872845E-02	)	)
(	104.3 	(	-5.173698E-01	1.739343E-03	2.896760E-02	)	)
(	104.4 	(	-5.164451E-01	1.868888E-03	2.920475E-02	)	)
(	104.5 	(	-5.155202E-01	1.991499E-03	2.943983E-02	)	)
(	104.6 	(	-5.145953E-01	2.107187E-03	2.967279E-02	)	)
(	104.7 	(	-5.136707E-01	2.215972E-03	2.990356E-02	)	)
(	104.8 	(	-5.127463E-01	2.317874E-03	3.013208E-02	)	)
(	104.9 	(	-5.118224E-01	2.412918E-03	3.035828E-02	)	)
(	105.0 	(	-5.108991E-01	2.501135E-03	3.058210E-02	)	)
(	105.1 	(	-5.099765E-01	2.582556E-03	3.080349E-02	)	)
(	105.2 	(	-5.090549E-01	2.657219E-03	3.102237E-02	)	)
(	105.3 	(	-5.081343E-01	2.725163E-03	3.123869E-02	)	)
(	105.4 	(	-5.072150E-01	2.786433E-03	3.145239E-02	)	)
(	105.5 	(	-5.062970E-01	2.841076E-03	3.166340E-02	)	)
(	105.6 	(	-5.053805E-01	2.889144E-03	3.187165E-02	)	)
(	105.7 	(	-5.044657E-01	2.930691E-03	3.207710E-02	)	)
(	105.8 	(	-5.035527E-01	2.965775E-03	3.227968E-02	)	)
(	105.9 	(	-5.026416E-01	2.994458E-03	3.247933E-02	)	)
(	106.0 	(	-5.017326E-01	3.016804E-03	3.267598E-02	)	)
(	106.1 	(	-5.008259E-01	3.032882E-03	3.286959E-02	)	)
(	106.2 	(	-4.999215E-01	3.042764E-03	3.306008E-02	)	)
(	106.3 	(	-4.990196E-01	3.046524E-03	3.324741E-02	)	)
(	106.4 	(	-4.981205E-01	3.044239E-03	3.343151E-02	)	)
(	106.5 	(	-4.972241E-01	3.035991E-03	3.361232E-02	)	)
(	106.6 	(	-4.963306E-01	3.021863E-03	3.378979E-02	)	)
(	106.7 	(	-4.954403E-01	3.001942E-03	3.396385E-02	)	)
(	106.8 	(	-4.945532E-01	2.976318E-03	3.413445E-02	)	)
(	106.9 	(	-4.936694E-01	2.945083E-03	3.430154E-02	)	)
(	107.0 	(	-4.927892E-01	2.908333E-03	3.446506E-02	)	)
(	107.1 	(	-4.919126E-01	2.866166E-03	3.462495E-02	)	)
(	107.2 	(	-4.910397E-01	2.818681E-03	3.478115E-02	)	)
(	107.3 	(	-4.901708E-01	2.765981E-03	3.493362E-02	)	)
(	107.4 	(	-4.893059E-01	2.708174E-03	3.508229E-02	)	)
(	107.5 	(	-4.884452E-01	2.645365E-03	3.522712E-02	)	)
(	107.6 	(	-4.875888E-01	2.577665E-03	3.536805E-02	)	)
(	107.7 	(	-4.867368E-01	2.505187E-03	3.550503E-02	)	)
(	107.8 	(	-4.858893E-01	2.428045E-03	3.563800E-02	)	)
(	107.9 	(	-4.850466E-01	2.346356E-03	3.576691E-02	)	)
(	108.0 	(	-4.842087E-01	2.260238E-03	3.589172E-02	)	)
(	108.1 	(	-4.833757E-01	2.169811E-03	3.601237E-02	)	)
(	108.2 	(	-4.825478E-01	2.075198E-03	3.612882E-02	)	)
(	108.3 	(	-4.817251E-01	1.976524E-03	3.624101E-02	)	)
(	108.4 	(	-4.809077E-01	1.873912E-03	3.634889E-02	)	)
(	108.5 	(	-4.800957E-01	1.767492E-03	3.645242E-02	)	)
(	108.6 	(	-4.792892E-01	1.657391E-03	3.655155E-02	)	)
(	108.7 	(	-4.784885E-01	1.543740E-03	3.664623E-02	)	)
(	108.8 	(	-4.776935E-01	1.426670E-03	3.673642E-02	)	)
(	108.9 	(	-4.769044E-01	1.306314E-03	3.682208E-02	)	)
(	109.0 	(	-4.761214E-01	1.182806E-03	3.690315E-02	)	)
(	109.1 	(	-4.753444E-01	1.056281E-03	3.697960E-02	)	)
(	109.2 	(	-4.745737E-01	9.268738E-04	3.705137E-02	)	)
(	109.3 	(	-4.738094E-01	7.947222E-04	3.711844E-02	)	)
(	109.4 	(	-4.730515E-01	6.599635E-04	3.718075E-02	)	)
(	109.5 	(	-4.723001E-01	5.227360E-04	3.723827E-02	)	)
(	109.6 	(	-4.715555E-01	3.831786E-04	3.729096E-02	)	)
(	109.7 	(	-4.708176E-01	2.414308E-04	3.733877E-02	)	)
(	109.8 	(	-4.700866E-01	9.763245E-05	3.738168E-02	)	)
(	109.9 	(	-4.693625E-01	-4.807617E-05	3.741963E-02	)	)
(	110.0 	(	-4.686456E-01	-1.955545E-04	3.745260E-02	)	)
(	110.1 	(	-4.679358E-01	-3.446619E-04	3.748055E-02	)	)
(	110.2 	(	-4.672333E-01	-4.952575E-04	3.750345E-02	)	)
(	110.3 	(	-4.665381E-01	-6.472005E-04	3.752125E-02	)	)
(	110.4 	(	-4.658504E-01	-8.003501E-04	3.753393E-02	)	)
(	110.5 	(	-4.651703E-01	-9.545657E-04	3.754145E-02	)	)
(	110.6 	(	-4.644978E-01	-1.109707E-03	3.754379E-02	)	)
(	110.7 	(	-4.638330E-01	-1.265634E-03	3.754090E-02	)	)
(	110.8 	(	-4.631760E-01	-1.422207E-03	3.753277E-02	)	)
(	110.9 	(	-4.625270E-01	-1.579287E-03	3.751936E-02	)	)
(	111.0 	(	-4.618859E-01	-1.736736E-03	3.750064E-02	)	)
(	111.1 	(	-4.612529E-01	-1.894415E-03	3.747659E-02	)	)
(	111.2 	(	-4.606280E-01	-2.052188E-03	3.744719E-02	)	)
(	111.3 	(	-4.600113E-01	-2.209918E-03	3.741239E-02	)	)
(	111.4 	(	-4.594030E-01	-2.367470E-03	3.737219E-02	)	)
(	111.5 	(	-4.588030E-01	-2.524710E-03	3.732656E-02	)	)
(	111.6 	(	-4.582115E-01	-2.681504E-03	3.727547E-02	)	)
(	111.7 	(	-4.576285E-01	-2.837721E-03	3.721890E-02	)	)
(	111.8 	(	-4.570541E-01	-2.993229E-03	3.715684E-02	)	)
(	111.9 	(	-4.564883E-01	-3.147899E-03	3.708927E-02	)	)
(	112.0 	(	-4.559313E-01	-3.301603E-03	3.701615E-02	)	)
(	112.1 	(	-4.553830E-01	-3.454214E-03	3.693749E-02	)	)
(	112.2 	(	-4.548436E-01	-3.605607E-03	3.685325E-02	)	)
(	112.3 	(	-4.543131E-01	-3.755657E-03	3.676343E-02	)	)
(	112.4 	(	-4.537916E-01	-3.904245E-03	3.666801E-02	)	)
(	112.5 	(	-4.532791E-01	-4.051248E-03	3.656698E-02	)	)
(	112.6 	(	-4.527757E-01	-4.196549E-03	3.646033E-02	)	)
(	112.7 	(	-4.522814E-01	-4.340032E-03	3.634803E-02	)	)
(	112.8 	(	-4.517963E-01	-4.481582E-03	3.623009E-02	)	)
(	112.9 	(	-4.513205E-01	-4.621085E-03	3.610649E-02	)	)
(	113.0 	(	-4.508539E-01	-4.758433E-03	3.597723E-02	)	)
(	113.1 	(	-4.503966E-01	-4.893516E-03	3.584229E-02	)	)
(	113.2 	(	-4.499488E-01	-5.026229E-03	3.570167E-02	)	)
(	113.3 	(	-4.495103E-01	-5.156468E-03	3.555537E-02	)	)
(	113.4 	(	-4.490813E-01	-5.284130E-03	3.540338E-02	)	)
(	113.5 	(	-4.486618E-01	-5.409117E-03	3.524570E-02	)	)
(	113.6 	(	-4.482519E-01	-5.531333E-03	3.508232E-02	)	)
(	113.7 	(	-4.478515E-01	-5.650682E-03	3.491325E-02	)	)
(	113.8 	(	-4.474607E-01	-5.767073E-03	3.473848E-02	)	)
(	113.9 	(	-4.470795E-01	-5.880418E-03	3.455802E-02	)	)
(	114.0 	(	-4.467080E-01	-5.990628E-03	3.437186E-02	)	)
(	114.1 	(	-4.463462E-01	-6.097621E-03	3.418001E-02	)	)
(	114.2 	(	-4.459941E-01	-6.201314E-03	3.398248E-02	)	)
(	114.3 	(	-4.456517E-01	-6.301631E-03	3.377927E-02	)	)
(	114.4 	(	-4.453191E-01	-6.398494E-03	3.357039E-02	)	)
(	114.5 	(	-4.449963E-01	-6.491831E-03	3.335584E-02	)	)
(	114.6 	(	-4.446833E-01	-6.581572E-03	3.313563E-02	)	)
(	114.7 	(	-4.443801E-01	-6.667650E-03	3.290977E-02	)	)
(	114.8 	(	-4.440867E-01	-6.750001E-03	3.267827E-02	)	)
(	114.9 	(	-4.438032E-01	-6.828563E-03	3.244115E-02	)	)
(	115.0 	(	-4.435295E-01	-6.903278E-03	3.219841E-02	)	)
(	115.1 	(	-4.432657E-01	-6.974091E-03	3.195008E-02	)	)
(	115.2 	(	-4.430117E-01	-7.040950E-03	3.169616E-02	)	)
(	115.3 	(	-4.427677E-01	-7.103805E-03	3.143667E-02	)	)
(	115.4 	(	-4.425335E-01	-7.162611E-03	3.117163E-02	)	)
(	115.5 	(	-4.423091E-01	-7.217324E-03	3.090105E-02	)	)
(	115.6 	(	-4.420947E-01	-7.267904E-03	3.062496E-02	)	)
(	115.7 	(	-4.418901E-01	-7.314316E-03	3.034338E-02	)	)
(	115.8 	(	-4.416954E-01	-7.356524E-03	3.005632E-02	)	)
(	115.9 	(	-4.415106E-01	-7.394499E-03	2.976382E-02	)	)
(	116.0 	(	-4.413356E-01	-7.428213E-03	2.946588E-02	)	)
(	116.1 	(	-4.411705E-01	-7.457643E-03	2.916254E-02	)	)
(	116.2 	(	-4.410152E-01	-7.482767E-03	2.885383E-02	)	)
(	116.3 	(	-4.408697E-01	-7.503567E-03	2.853976E-02	)	)
(	116.4 	(	-4.407341E-01	-7.520029E-03	2.822037E-02	)	)
(	116.5 	(	-4.406082E-01	-7.532141E-03	2.789569E-02	)	)
(	116.6 	(	-4.404921E-01	-7.539895E-03	2.756574E-02	)	)
(	116.7 	(	-4.403858E-01	-7.543286E-03	2.723055E-02	)	)
(	116.8 	(	-4.402892E-01	-7.542311E-03	2.689017E-02	)	)
(	116.9 	(	-4.402023E-01	-7.536973E-03	2.654461E-02	)	)
(	117.0 	(	-4.401250E-01	-7.527275E-03	2.619392E-02	)	)
(	117.1 	(	-4.400575E-01	-7.513224E-03	2.583812E-02	)	)
(	117.2 	(	-4.399995E-01	-7.494832E-03	2.547726E-02	)	)
(	117.3 	(	-4.399512E-01	-7.472111E-03	2.511137E-02	)	)
(	117.4 	(	-4.399124E-01	-7.445079E-03	2.474049E-02	)	)
(	117.5 	(	-4.398832E-01	-7.413755E-03	2.436466E-02	)	)
(	117.6 	(	-4.398634E-01	-7.378161E-03	2.398391E-02	)	)
(	117.7 	(	-4.398531E-01	-7.338324E-03	2.359830E-02	)	)
(	117.8 	(	-4.398522E-01	-7.294272E-03	2.320785E-02	)	)
(	117.9 	(	-4.398607E-01	-7.246036E-03	2.281261E-02	)	)
(	118.0 	(	-4.398786E-01	-7.193652E-03	2.241263E-02	)	)
(	118.1 	(	-4.399057E-01	-7.137156E-03	2.200795E-02	)	)
(	118.2 	(	-4.399420E-01	-7.076589E-03	2.159862E-02	)	)
(	118.3 	(	-4.399876E-01	-7.011995E-03	2.118468E-02	)	)
(	118.4 	(	-4.400423E-01	-6.943417E-03	2.076618E-02	)	)
(	118.5 	(	-4.401062E-01	-6.870906E-03	2.034317E-02	)	)
(	118.6 	(	-4.401790E-01	-6.794513E-03	1.991569E-02	)	)
(	118.7 	(	-4.402609E-01	-6.714291E-03	1.948381E-02	)	)
(	118.8 	(	-4.403517E-01	-6.630296E-03	1.904756E-02	)	)
(	118.9 	(	-4.404514E-01	-6.542589E-03	1.860700E-02	)	)
(	119.0 	(	-4.405599E-01	-6.451230E-03	1.816218E-02	)	)
(	119.1 	(	-4.406772E-01	-6.356283E-03	1.771316E-02	)	)
(	119.2 	(	-4.408032E-01	-6.257815E-03	1.726000E-02	)	)
(	119.3 	(	-4.409378E-01	-6.155894E-03	1.680274E-02	)	)
(	119.4 	(	-4.410811E-01	-6.050593E-03	1.634144E-02	)	)
(	119.5 	(	-4.412328E-01	-5.941983E-03	1.587616E-02	)	)
(	119.6 	(	-4.413930E-01	-5.830140E-03	1.540696E-02	)	)
(	119.7 	(	-4.415616E-01	-5.715142E-03	1.493389E-02	)	)
(	119.8 	(	-4.417385E-01	-5.597069E-03	1.445702E-02	)	)
(	119.9 	(	-4.419237E-01	-5.476003E-03	1.397641E-02	)	)
(	120.0 	(	-4.421170E-01	-5.352027E-03	1.349211E-02	)	)
(	120.1 	(	-4.423184E-01	-5.225226E-03	1.300419E-02	)	)
(	120.2 	(	-4.425279E-01	-5.095688E-03	1.251271E-02	)	)
(	120.3 	(	-4.427453E-01	-4.963503E-03	1.201774E-02	)	)
(	120.4 	(	-4.429706E-01	-4.828760E-03	1.151934E-02	)	)
(	120.5 	(	-4.432037E-01	-4.691553E-03	1.101756E-02	)	)
(	120.6 	(	-4.434445E-01	-4.551976E-03	1.051249E-02	)	)
(	120.7 	(	-4.436929E-01	-4.410124E-03	1.000418E-02	)	)
(	120.8 	(	-4.439490E-01	-4.266094E-03	9.492700E-03	)	)
(	120.9 	(	-4.442125E-01	-4.119984E-03	8.978120E-03	)	)
(	121.0 	(	-4.444833E-01	-3.971894E-03	8.460507E-03	)	)
(	121.1 	(	-4.447615E-01	-3.821924E-03	7.939929E-03	)	)
(	121.2 	(	-4.450470E-01	-3.670177E-03	7.416456E-03	)	)
(	121.3 	(	-4.453395E-01	-3.516756E-03	6.890158E-03	)	)
(	121.4 	(	-4.456392E-01	-3.361764E-03	6.361105E-03	)	)
(	121.5 	(	-4.459458E-01	-3.205307E-03	5.829369E-03	)	)
(	121.6 	(	-4.462592E-01	-3.047490E-03	5.295021E-03	)	)
(	121.7 	(	-4.465795E-01	-2.888420E-03	4.758134E-03	)	)
(	121.8 	(	-4.469064E-01	-2.728203E-03	4.218781E-03	)	)
(	121.9 	(	-4.472399E-01	-2.566948E-03	3.677035E-03	)	)
(	122.0 	(	-4.475800E-01	-2.404763E-03	3.132970E-03	)	)
(	122.1 	(	-4.479265E-01	-2.241756E-03	2.586661E-03	)	)
(	122.2 	(	-4.482792E-01	-2.078037E-03	2.038183E-03	)	)
(	122.3 	(	-4.486382E-01	-1.913716E-03	1.487610E-03	)	)
(	122.4 	(	-4.490034E-01	-1.748901E-03	9.350197E-04	)	)
(	122.5 	(	-4.493745E-01	-1.583703E-03	3.804877E-04	)	)
(	122.6 	(	-4.497516E-01	-1.418231E-03	-1.759090E-04	)	)
(	122.7 	(	-4.501346E-01	-1.252596E-03	-7.340931E-04	)	)
(	122.8 	(	-4.505232E-01	-1.086907E-03	-1.293987E-03	)	)
(	122.9 	(	-4.509175E-01	-9.212733E-04	-1.855513E-03	)	)
(	123.0 	(	-4.513173E-01	-7.558050E-04	-2.418592E-03	)	)
(	123.1 	(	-4.517226E-01	-5.906107E-04	-2.983145E-03	)	)
(	123.2 	(	-4.521332E-01	-4.257992E-04	-3.549094E-03	)	)
(	123.3 	(	-4.525490E-01	-2.614785E-04	-4.116358E-03	)	)
(	123.4 	(	-4.529700E-01	-9.775620E-05	-4.684859E-03	)	)
(	123.5 	(	-4.533959E-01	6.526070E-05	-5.254515E-03	)	)
(	123.6 	(	-4.538268E-01	2.274660E-04	-5.825246E-03	)	)
(	123.7 	(	-4.542625E-01	3.887542E-04	-6.396972E-03	)	)
(	123.8 	(	-4.547029E-01	5.490207E-04	-6.969612E-03	)	)
(	123.9 	(	-4.551479E-01	7.081618E-04	-7.543084E-03	)	)
(	124.0 	(	-4.555974E-01	8.660749E-04	-8.117307E-03	)	)
(	124.1 	(	-4.560513E-01	1.022658E-03	-8.692200E-03	)	)
(	124.2 	(	-4.565094E-01	1.177812E-03	-9.267680E-03	)	)
(	124.3 	(	-4.569718E-01	1.331436E-03	-9.843666E-03	)	)
(	124.4 	(	-4.574382E-01	1.483433E-03	-1.042007E-02	)	)
(	124.5 	(	-4.579086E-01	1.633707E-03	-1.099682E-02	)	)
(	124.6 	(	-4.583828E-01	1.782161E-03	-1.157383E-02	)	)
(	124.7 	(	-4.588607E-01	1.928703E-03	-1.215102E-02	)	)
(	124.8 	(	-4.593423E-01	2.073241E-03	-1.272829E-02	)	)
(	124.9 	(	-4.598274E-01	2.215684E-03	-1.330558E-02	)	)
(	125.0 	(	-4.603160E-01	2.355943E-03	-1.388279E-02	)	)
(	125.1 	(	-4.608078E-01	2.493932E-03	-1.445985E-02	)	)
(	125.2 	(	-4.613028E-01	2.629565E-03	-1.503667E-02	)	)
(	125.3 	(	-4.618010E-01	2.762759E-03	-1.561317E-02	)	)
(	125.4 	(	-4.623021E-01	2.893433E-03	-1.618927E-02	)	)
(	125.5 	(	-4.628060E-01	3.021508E-03	-1.676487E-02	)	)
(	125.6 	(	-4.633128E-01	3.146906E-03	-1.733991E-02	)	)
(	125.7 	(	-4.638221E-01	3.269553E-03	-1.791429E-02	)	)
(	125.8 	(	-4.643340E-01	3.389375E-03	-1.848794E-02	)	)
(	125.9 	(	-4.648484E-01	3.506302E-03	-1.906077E-02	)	)
(	126.0 	(	-4.653651E-01	3.620266E-03	-1.963270E-02	)	)
(	126.1 	(	-4.658839E-01	3.731200E-03	-2.020364E-02	)	)
(	126.2 	(	-4.664049E-01	3.839041E-03	-2.077351E-02	)	)
(	126.3 	(	-4.669279E-01	3.943727E-03	-2.134224E-02	)	)
(	126.4 	(	-4.674527E-01	4.045201E-03	-2.190973E-02	)	)
(	126.5 	(	-4.679793E-01	4.143406E-03	-2.247591E-02	)	)
(	126.6 	(	-4.685076E-01	4.238287E-03	-2.304070E-02	)	)
(	126.7 	(	-4.690374E-01	4.329795E-03	-2.360401E-02	)	)
(	126.8 	(	-4.695687E-01	4.417881E-03	-2.416576E-02	)	)
(	126.9 	(	-4.701013E-01	4.502499E-03	-2.472587E-02	)	)
(	127.0 	(	-4.706351E-01	4.583607E-03	-2.528426E-02	)	)
(	127.1 	(	-4.711701E-01	4.661164E-03	-2.584085E-02	)	)
(	127.2 	(	-4.717061E-01	4.735132E-03	-2.639556E-02	)	)
(	127.3 	(	-4.722430E-01	4.805479E-03	-2.694831E-02	)	)
(	127.4 	(	-4.727806E-01	4.872170E-03	-2.749901E-02	)	)
(	127.5 	(	-4.733190E-01	4.935179E-03	-2.804760E-02	)	)
(	127.6 	(	-4.738580E-01	4.994479E-03	-2.859398E-02	)	)
(	127.7 	(	-4.743974E-01	5.050048E-03	-2.913809E-02	)	)
(	127.8 	(	-4.749372E-01	5.101864E-03	-2.967984E-02	)	)
(	127.9 	(	-4.754773E-01	5.149912E-03	-3.021915E-02	)	)
(	128.0 	(	-4.760176E-01	5.194178E-03	-3.075595E-02	)	)
(	128.1 	(	-4.765579E-01	5.234649E-03	-3.129016E-02	)	)
(	128.2 	(	-4.770981E-01	5.271320E-03	-3.182171E-02	)	)
(	128.3 	(	-4.776383E-01	5.304184E-03	-3.235051E-02	)	)
(	128.4 	(	-4.781781E-01	5.333240E-03	-3.287649E-02	)	)
(	128.5 	(	-4.787177E-01	5.358489E-03	-3.339958E-02	)	)
(	128.6 	(	-4.792568E-01	5.379936E-03	-3.391970E-02	)	)
(	128.7 	(	-4.797953E-01	5.397587E-03	-3.443677E-02	)	)
(	128.8 	(	-4.803332E-01	5.411454E-03	-3.495073E-02	)	)
(	128.9 	(	-4.808703E-01	5.421550E-03	-3.546150E-02	)	)
(	129.0 	(	-4.814066E-01	5.427891E-03	-3.596900E-02	)	)
(	129.1 	(	-4.819420E-01	5.430498E-03	-3.647317E-02	)	)
(	129.2 	(	-4.824763E-01	5.429392E-03	-3.697393E-02	)	)
(	129.3 	(	-4.830094E-01	5.424601E-03	-3.747121E-02	)	)
(	129.4 	(	-4.835414E-01	5.416152E-03	-3.796495E-02	)	)
(	129.5 	(	-4.840720E-01	5.404079E-03	-3.845506E-02	)	)
(	129.6 	(	-4.846012E-01	5.388415E-03	-3.894149E-02	)	)
(	129.7 	(	-4.851288E-01	5.369199E-03	-3.942416E-02	)	)
(	129.8 	(	-4.856549E-01	5.346471E-03	-3.990301E-02	)	)
(	129.9 	(	-4.861792E-01	5.320277E-03	-4.037796E-02	)	)
(	130.0 	(	-4.867018E-01	5.290662E-03	-4.084896E-02	)	)
(	130.1 	(	-4.872225E-01	5.257677E-03	-4.131593E-02	)	)
(	130.2 	(	-4.877412E-01	5.221374E-03	-4.177881E-02	)	)
(	130.3 	(	-4.882578E-01	5.181809E-03	-4.223755E-02	)	)
(	130.4 	(	-4.887723E-01	5.139041E-03	-4.269206E-02	)	)
(	130.5 	(	-4.892846E-01	5.093131E-03	-4.314229E-02	)	)
(	130.6 	(	-4.897946E-01	5.044143E-03	-4.358818E-02	)	)
(	130.7 	(	-4.903021E-01	4.992144E-03	-4.402967E-02	)	)
(	130.8 	(	-4.908072E-01	4.937203E-03	-4.446669E-02	)	)
(	130.9 	(	-4.913097E-01	4.879394E-03	-4.489919E-02	)	)
(	131.0 	(	-4.918095E-01	4.818791E-03	-4.532711E-02	)	)
(	131.1 	(	-4.923067E-01	4.755472E-03	-4.575038E-02	)	)
(	131.2 	(	-4.928010E-01	4.689516E-03	-4.616895E-02	)	)
(	131.3 	(	-4.932924E-01	4.621006E-03	-4.658277E-02	)	)
(	131.4 	(	-4.937809E-01	4.550029E-03	-4.699178E-02	)	)
(	131.5 	(	-4.942663E-01	4.476670E-03	-4.739592E-02	)	)
(	131.6 	(	-4.947486E-01	4.401021E-03	-4.779515E-02	)	)
(	131.7 	(	-4.952277E-01	4.323172E-03	-4.818939E-02	)	)
(	131.8 	(	-4.957035E-01	4.243220E-03	-4.857862E-02	)	)
(	131.9 	(	-4.961760E-01	4.161260E-03	-4.896276E-02	)	)
(	132.0 	(	-4.966451E-01	4.077392E-03	-4.934178E-02	)	)
(	132.1 	(	-4.971107E-01	3.991717E-03	-4.971563E-02	)	)
(	132.2 	(	-4.975728E-01	3.904337E-03	-5.008425E-02	)	)
(	132.3 	(	-4.980312E-01	3.815357E-03	-5.044759E-02	)	)
(	132.4 	(	-4.984860E-01	3.724885E-03	-5.080562E-02	)	)
(	132.5 	(	-4.989370E-01	3.633030E-03	-5.115828E-02	)	)
(	132.6 	(	-4.993842E-01	3.539901E-03	-5.150553E-02	)	)
(	132.7 	(	-4.998276E-01	3.445611E-03	-5.184732E-02	)	)
(	132.8 	(	-5.002670E-01	3.350275E-03	-5.218362E-02	)	)
(	132.9 	(	-5.007024E-01	3.254008E-03	-5.251438E-02	)	)
(	133.0 	(	-5.011338E-01	3.156926E-03	-5.283956E-02	)	)
(	133.1 	(	-5.015610E-01	3.059149E-03	-5.315912E-02	)	)
(	133.2 	(	-5.019841E-01	2.960796E-03	-5.347303E-02	)	)
(	133.3 	(	-5.024029E-01	2.861988E-03	-5.378123E-02	)	)
(	133.4 	(	-5.028175E-01	2.762849E-03	-5.408371E-02	)	)
(	133.5 	(	-5.032278E-01	2.663500E-03	-5.438042E-02	)	)
(	133.6 	(	-5.036336E-01	2.564068E-03	-5.467132E-02	)	)
(	133.7 	(	-5.040350E-01	2.464678E-03	-5.495638E-02	)	)
(	133.8 	(	-5.044320E-01	2.365456E-03	-5.523558E-02	)	)
(	133.9 	(	-5.048244E-01	2.266529E-03	-5.550887E-02	)	)
(	134.0 	(	-5.052122E-01	2.168027E-03	-5.577623E-02	)	)
(	134.1 	(	-5.055954E-01	2.070078E-03	-5.603763E-02	)	)
(	134.2 	(	-5.059740E-01	1.972810E-03	-5.629304E-02	)	)
(	134.3 	(	-5.063478E-01	1.876355E-03	-5.654244E-02	)	)
(	134.4 	(	-5.067169E-01	1.780843E-03	-5.678578E-02	)	)
(	134.5 	(	-5.070812E-01	1.686404E-03	-5.702306E-02	)	)
(	134.6 	(	-5.074407E-01	1.593170E-03	-5.725425E-02	)	)
(	134.7 	(	-5.077952E-01	1.501271E-03	-5.747932E-02	)	)
(	134.8 	(	-5.081449E-01	1.410840E-03	-5.769825E-02	)	)
(	134.9 	(	-5.084897E-01	1.322007E-03	-5.791103E-02	)	)
(	135.0 	(	-5.088294E-01	1.234904E-03	-5.811762E-02	)	)
(	135.1 	(	-5.091642E-01	1.149662E-03	-5.831802E-02	)	)
(	135.2 	(	-5.094939E-01	1.066411E-03	-5.851220E-02	)	)
(	135.3 	(	-5.098186E-01	9.852838E-04	-5.870015E-02	)	)
(	135.4 	(	-5.101381E-01	9.064089E-04	-5.888186E-02	)	)
(	135.5 	(	-5.104526E-01	8.299164E-04	-5.905730E-02	)	)
(	135.6 	(	-5.107619E-01	7.559355E-04	-5.922647E-02	)	)
(	135.7 	(	-5.110660E-01	6.845947E-04	-5.938935E-02	)	)
(	135.8 	(	-5.113649E-01	6.160218E-04	-5.954594E-02	)	)
(	135.9 	(	-5.116586E-01	5.503437E-04	-5.969622E-02	)	)
(	136.0 	(	-5.119471E-01	4.876863E-04	-5.984018E-02	)	)
(	136.1 	(	-5.122303E-01	4.281748E-04	-5.997782E-02	)	)
(	136.2 	(	-5.125082E-01	3.719329E-04	-6.010913E-02	)	)
(	136.3 	(	-5.127808E-01	3.190836E-04	-6.023411E-02	)	)
(	136.4 	(	-5.130481E-01	2.697482E-04	-6.035274E-02	)	)
(	136.5 	(	-5.133101E-01	2.240471E-04	-6.046504E-02	)	)
(	136.6 	(	-5.135668E-01	1.820989E-04	-6.057099E-02	)	)
(	136.7 	(	-5.138181E-01	1.440210E-04	-6.067060E-02	)	)
(	136.8 	(	-5.140641E-01	1.099290E-04	-6.076386E-02	)	)
(	136.9 	(	-5.143047E-01	7.993697E-05	-6.085078E-02	)	)
(	137.0 	(	-5.145399E-01	5.415726E-05	-6.093136E-02	)	)
(	137.1 	(	-5.147697E-01	3.270035E-05	-6.100560E-02	)	)
(	137.2 	(	-5.149942E-01	1.567482E-05	-6.107351E-02	)	)
(	137.3 	(	-5.152132E-01	3.187321E-06	-6.113509E-02	)	)
(	137.4 	(	-5.154269E-01	-4.657580E-06	-6.119036E-02	)	)
(	137.5 	(	-5.156351E-01	-7.757421E-06	-6.123931E-02	)	)
(	137.6 	(	-5.158380E-01	-6.011939E-06	-6.128196E-02	)	)
(	137.7 	(	-5.160355E-01	6.768544E-07	-6.131832E-02	)	)
(	137.8 	(	-5.162276E-01	1.240461E-05	-6.134839E-02	)	)
(	137.9 	(	-5.164143E-01	2.926455E-05	-6.137220E-02	)	)
(	138.0 	(	-5.165956E-01	5.134744E-05	-6.138976E-02	)	)
(	138.1 	(	-5.167716E-01	7.874147E-05	-6.140107E-02	)	)
(	138.2 	(	-5.169422E-01	1.115322E-04	-6.140616E-02	)	)
(	138.3 	(	-5.171074E-01	1.498025E-04	-6.140504E-02	)	)
(	138.4 	(	-5.172673E-01	1.936326E-04	-6.139773E-02	)	)
(	138.5 	(	-5.174218E-01	2.430997E-04	-6.138425E-02	)	)
(	138.6 	(	-5.175710E-01	2.982783E-04	-6.136462E-02	)	)
(	138.7 	(	-5.177149E-01	3.592400E-04	-6.133886E-02	)	)
(	138.8 	(	-5.178535E-01	4.260531E-04	-6.130700E-02	)	)
(	138.9 	(	-5.179868E-01	4.987832E-04	-6.126904E-02	)	)
(	139.0 	(	-5.181148E-01	5.774925E-04	-6.122503E-02	)	)
(	139.1 	(	-5.182376E-01	6.622404E-04	-6.117498E-02	)	)
(	139.2 	(	-5.183552E-01	7.530827E-04	-6.111892E-02	)	)
(	139.3 	(	-5.184675E-01	8.500720E-04	-6.105687E-02	)	)
(	139.4 	(	-5.185747E-01	9.532579E-04	-6.098888E-02	)	)
(	139.5 	(	-5.186767E-01	1.062686E-03	-6.091495E-02	)	)
(	139.6 	(	-5.187735E-01	1.178400E-03	-6.083514E-02	)	)
(	139.7 	(	-5.188653E-01	1.300437E-03	-6.074945E-02	)	)
(	139.8 	(	-5.189519E-01	1.428835E-03	-6.065794E-02	)	)
(	139.9 	(	-5.190335E-01	1.563624E-03	-6.056063E-02	)	)
(	140.0 	(	-5.191100E-01	1.704834E-03	-6.045756E-02	)	)
(	140.1 	(	-5.191815E-01	1.852490E-03	-6.034875E-02	)	)
(	140.2 	(	-5.192481E-01	2.006612E-03	-6.023425E-02	)	)
(	140.3 	(	-5.193097E-01	2.167218E-03	-6.011410E-02	)	)
(	140.4 	(	-5.193663E-01	2.334322E-03	-5.998832E-02	)	)
(	140.5 	(	-5.194181E-01	2.507935E-03	-5.985697E-02	)	)
(	140.6 	(	-5.194650E-01	2.688062E-03	-5.972008E-02	)	)
(	140.7 	(	-5.195071E-01	2.874706E-03	-5.957768E-02	)	)
(	140.8 	(	-5.195445E-01	3.067866E-03	-5.942983E-02	)	)
(	140.9 	(	-5.195771E-01	3.267537E-03	-5.927657E-02	)	)
(	141.0 	(	-5.196049E-01	3.473711E-03	-5.911793E-02	)	)
(	141.1 	(	-5.196281E-01	3.686373E-03	-5.895396E-02	)	)
(	141.2 	(	-5.196467E-01	3.905508E-03	-5.878471E-02	)	)
(	141.3 	(	-5.196607E-01	4.131095E-03	-5.861022E-02	)	)
(	141.4 	(	-5.196701E-01	4.363109E-03	-5.843054E-02	)	)
(	141.5 	(	-5.196750E-01	4.601523E-03	-5.824572E-02	)	)
(	141.6 	(	-5.196754E-01	4.846303E-03	-5.805580E-02	)	)
(	141.7 	(	-5.196715E-01	5.097415E-03	-5.786084E-02	)	)
(	141.8 	(	-5.196631E-01	5.354817E-03	-5.766088E-02	)	)
(	141.9 	(	-5.196504E-01	5.618465E-03	-5.745598E-02	)	)
(	142.0 	(	-5.196334E-01	5.888313E-03	-5.724618E-02	)	)
(	142.1 	(	-5.196122E-01	6.164307E-03	-5.703153E-02	)	)
(	142.2 	(	-5.195867E-01	6.446393E-03	-5.681210E-02	)	)
(	142.3 	(	-5.195572E-01	6.734510E-03	-5.658794E-02	)	)
(	142.4 	(	-5.195235E-01	7.028595E-03	-5.635909E-02	)	)
(	142.5 	(	-5.194858E-01	7.328581E-03	-5.612562E-02	)	)
(	142.6 	(	-5.194440E-01	7.634397E-03	-5.588757E-02	)	)
(	142.7 	(	-5.193983E-01	7.945968E-03	-5.564502E-02	)	)
(	142.8 	(	-5.193488E-01	8.263214E-03	-5.539800E-02	)	)
(	142.9 	(	-5.192953E-01	8.586054E-03	-5.514659E-02	)	)
(	143.0 	(	-5.192381E-01	8.914401E-03	-5.489083E-02	)	)
(	143.1 	(	-5.191771E-01	9.248165E-03	-5.463080E-02	)	)
(	143.2 	(	-5.191125E-01	9.587253E-03	-5.436654E-02	)	)
(	143.3 	(	-5.190442E-01	9.931566E-03	-5.409812E-02	)	)
(	143.4 	(	-5.189723E-01	1.028100E-02	-5.382560E-02	)	)
(	143.5 	(	-5.188969E-01	1.063546E-02	-5.354904E-02	)	)
(	143.6 	(	-5.188180E-01	1.099484E-02	-5.326850E-02	)	)
(	143.7 	(	-5.187357E-01	1.135901E-02	-5.298405E-02	)	)
(	143.8 	(	-5.186501E-01	1.172787E-02	-5.269574E-02	)	)
(	143.9 	(	-5.185612E-01	1.210129E-02	-5.240365E-02	)	)
(	144.0 	(	-5.184690E-01	1.247916E-02	-5.210783E-02	)	)
(	144.1 	(	-5.183736E-01	1.286136E-02	-5.180835E-02	)	)
(	144.2 	(	-5.182751E-01	1.324774E-02	-5.150528E-02	)	)
(	144.3 	(	-5.181736E-01	1.363818E-02	-5.119867E-02	)	)
(	144.4 	(	-5.180690E-01	1.403256E-02	-5.088861E-02	)	)
(	144.5 	(	-5.179615E-01	1.443071E-02	-5.057514E-02	)	)
(	144.6 	(	-5.178511E-01	1.483252E-02	-5.025835E-02	)	)
(	144.7 	(	-5.177378E-01	1.523783E-02	-4.993829E-02	)	)
(	144.8 	(	-5.176218E-01	1.564649E-02	-4.961504E-02	)	)
(	144.9 	(	-5.175031E-01	1.605837E-02	-4.928866E-02	)	)
(	145.0 	(	-5.173818E-01	1.647329E-02	-4.895922E-02	)	)
(	145.1 	(	-5.172578E-01	1.689112E-02	-4.862679E-02	)	)
(	145.2 	(	-5.171314E-01	1.731169E-02	-4.829144E-02	)	)
(	145.3 	(	-5.170024E-01	1.773484E-02	-4.795323E-02	)	)
(	145.4 	(	-5.168711E-01	1.816040E-02	-4.761225E-02	)	)
(	145.5 	(	-5.167374E-01	1.858823E-02	-4.726855E-02	)	)
(	145.6 	(	-5.166015E-01	1.901814E-02	-4.692220E-02	)	)
(	145.7 	(	-5.164634E-01	1.944996E-02	-4.657329E-02	)	)
(	145.8 	(	-5.163230E-01	1.988353E-02	-4.622187E-02	)	)
(	145.9 	(	-5.161807E-01	2.031867E-02	-4.586803E-02	)	)
(	146.0 	(	-5.160362E-01	2.075520E-02	-4.551182E-02	)	)
(	146.1 	(	-5.158899E-01	2.119296E-02	-4.515333E-02	)	)
(	146.2 	(	-5.157416E-01	2.163174E-02	-4.479262E-02	)	)
(	146.3 	(	-5.155915E-01	2.207139E-02	-4.442976E-02	)	)
(	146.4 	(	-5.154396E-01	2.251170E-02	-4.406483E-02	)	)
(	146.5 	(	-5.152860E-01	2.295251E-02	-4.369790E-02	)	)
(	146.6 	(	-5.151308E-01	2.339361E-02	-4.332904E-02	)	)
(	146.7 	(	-5.149740E-01	2.383483E-02	-4.295832E-02	)	)
(	146.8 	(	-5.148156E-01	2.427597E-02	-4.258582E-02	)	)
(	146.9 	(	-5.146558E-01	2.471685E-02	-4.221160E-02	)	)
(	147.0 	(	-5.144946E-01	2.515727E-02	-4.183575E-02	)	)
(	147.1 	(	-5.143321E-01	2.559704E-02	-4.145832E-02	)	)
(	147.2 	(	-5.141683E-01	2.603597E-02	-4.107940E-02	)	)
(	147.3 	(	-5.140033E-01	2.647386E-02	-4.069906E-02	)	)
(	147.4 	(	-5.138372E-01	2.691052E-02	-4.031737E-02	)	)
(	147.5 	(	-5.136700E-01	2.734576E-02	-3.993440E-02	)	)
(	147.6 	(	-5.135017E-01	2.777938E-02	-3.955022E-02	)	)
(	147.7 	(	-5.133326E-01	2.821117E-02	-3.916490E-02	)	)
(	147.8 	(	-5.131625E-01	2.864096E-02	-3.877853E-02	)	)
(	147.9 	(	-5.129915E-01	2.906853E-02	-3.839117E-02	)	)
(	148.0 	(	-5.128199E-01	2.949369E-02	-3.800289E-02	)	)
(	148.1 	(	-5.126474E-01	2.991625E-02	-3.761376E-02	)	)
(	148.2 	(	-5.124744E-01	3.033601E-02	-3.722386E-02	)	)
(	148.3 	(	-5.123008E-01	3.075277E-02	-3.683326E-02	)	)
(	148.4 	(	-5.121266E-01	3.116634E-02	-3.644203E-02	)	)
(	148.5 	(	-5.119519E-01	3.157652E-02	-3.605024E-02	)	)
(	148.6 	(	-5.117769E-01	3.198311E-02	-3.565796E-02	)	)
(	148.7 	(	-5.116015E-01	3.238592E-02	-3.526526E-02	)	)
(	148.8 	(	-5.114258E-01	3.278476E-02	-3.487222E-02	)	)
(	148.9 	(	-5.112499E-01	3.317943E-02	-3.447890E-02	)	)
(	149.0 	(	-5.110738E-01	3.356975E-02	-3.408537E-02	)	)
(	149.1 	(	-5.108976E-01	3.395552E-02	-3.369171E-02	)	)
(	149.2 	(	-5.107213E-01	3.433654E-02	-3.329798E-02	)	)
(	149.3 	(	-5.105451E-01	3.471264E-02	-3.290426E-02	)	)
(	149.4 	(	-5.103689E-01	3.508362E-02	-3.251061E-02	)	)
(	149.5 	(	-5.101928E-01	3.544930E-02	-3.211710E-02	)	)
(	149.6 	(	-5.100169E-01	3.580950E-02	-3.172380E-02	)	)
(	149.7 	(	-5.098412E-01	3.616403E-02	-3.133078E-02	)	)
(	149.8 	(	-5.096658E-01	3.651271E-02	-3.093810E-02	)	)
(	149.9 	(	-5.094907E-01	3.685536E-02	-3.054584E-02	)	)
(	150.0 	(	-5.093160E-01	3.719181E-02	-3.015405E-02	)	)
);							
